0   0
1   4
1   2
2   7
2   4
3   11
3   6
4   14
4   8
5   17
5   10
6   21
6   12
7   24
7   14
8   26
8   16
9   29
9   17
10   32
10   19
11   34
11   21
12   37
12   23
13   39
13   25
14   41
14   27
15   43
15   29
16   45
16   31
17   47
17   33
18   49
18   35
19   51
19   37
20   52
20   39
21   53
21   41
22   55
22   43
23   56
23   45
24   57
24   47
25   58
25   48
26   58
26   50
27   59
27   52
28   60
28   54
29   60
29   56
30   60
30   58
31   60
32   61
32   62
33   60
34   60
34   58
35   60
35   56
36   60
36   54
37   59
37   52
38   58
38   50
39   58
39   48
40   57
40   47
41   56
41   45
42   55
42   43
43   53
43   41
44   52
44   39
45   51
45   37
46   49
46   35
47   47
47   33
48   45
48   31
49   43
49   29
50   41
50   27
51   39
51   25
52   37
52   23
53   34
53   21
54   32
54   19
55   29
55   17
56   26
56   16
57   24
57   14
58   21
58   12
59   17
59   10
60   14
60   8
61   11
61   6
62   7
62   4
63   4
63   2
64   0
