0 262145
1 113741
2 113741
3 8667
4 8667
5 2889
6 2889
7 1445
8 1445
9 867
10 867
11 578
12 578
13 413
14 413
15 310
16 310
17 241
18 241
19 193
20 193
21 158
22 158
23 132
24 132
25 112
26 112
27 96
28 96
29 83
30 83
31 72
32 72
33 64
34 64
35 58
36 58
37 51
38 51
39 46
40 46
41 42
42 42
43 38
44 38
45 34
46 34
47 32
48 32
49 30
50 30
51 27
52 27
53 25
54 25
55 24
56 24
57 21
58 21
59 21
60 21
61 19
62 19
63 18
64 18
65 17
66 17
67 16
68 16
69 15
70 15
71 14
72 14
73 14
74 14
75 13
76 13
77 12
78 12
79 11
80 11
81 11
82 11
83 11
84 11
85 10
86 10
87 10
88 10
89 9
90 9
91 9
92 9
93 8
94 8
95 8
96 8
97 8
98 8
99 8
100 8
101 7
102 7
103 7
104 7
105 7
106 7
107 7
108 7
109 6
110 6
111 6
112 6
113 6
114 6
115 6
116 6
117 6
118 6
119 5
120 5
121 5
122 5
123 5
124 5
125 5
126 5
127 5
128 5
129 5
130 5
131 5
132 5
133 4
134 4
135 4
136 4
137 4
138 4
139 4
140 4
141 4
142 4
143 4
144 4
145 4
146 4
147 4
148 4
149 4
150 4
151 4
152 4
153 3
154 3
155 3
156 3
157 3
158 3
159 3
160 3
161 3
162 3
163 3
164 3
165 3
166 3
167 3
168 3
169 3
170 3
171 3
172 3
173 3
174 3
175 3
176 3
177 3
178 3
179 3
180 3
181 3
182 3
183 3
184 3
185 3
186 3
187 3
188 3
189 2
190 2
191 2
192 2
193 2
194 2
195 2
196 2
197 2
198 2
199 2
200 2
201 2
202 2
203 2
204 2
205 2
206 2
207 2
208 2
209 2
210 2
211 2
212 2
213 2
214 2
215 2
216 2
217 2
218 2
219 2
220 2
221 2
222 2
223 2
224 2
225 2
226 2
227 2
228 2
229 2
230 2
231 2
232 2
233 2
234 2
235 2
236 2
237 2
238 2
239 2
240 2
241 2
242 2
243 2
244 2
245 2
246 2
247 2
248 2
249 2
250 2
251 2
252 2
253 2
254 2
255 2
256 2
257 2
258 2
259 2
260 2
261 2
262 2
263 2
264 2
265 2
266 2
267 2
268 2
269 2
270 2
271 2
272 2
273 1
274 1
275 1
276 1
277 1
278 1
279 1
280 1
281 1
282 1
283 1
284 1
285 1
286 1
287 1
288 1
289 1
290 1
291 1
292 1
293 1
294 1
295 1
296 1
297 1
298 1
299 1
300 1
301 1
302 1
303 1
304 1
305 1
306 1
307 1
308 1
309 1
310 1
311 1
312 1
313 1
314 1
315 1
316 1
317 1
318 1
319 1
320 1
321 1
322 1
323 1
324 1
325 1
326 1
327 1
328 1
329 1
330 1
331 1
332 1
333 1
334 1
335 1
336 1
337 1
338 1
339 1
340 1
341 1
342 1
343 1
344 1
345 1
346 1
347 1
348 1
349 1
350 1
351 1
352 1
353 1
354 1
355 1
356 1
357 1
358 1
359 1
360 1
361 1
362 1
363 1
364 1
365 1
366 1
367 1
368 1
369 1
370 1
371 1
372 1
373 1
