0 32769
1 14219
2 14219
3 1083
4 1083
5 362
6 362
7 181
8 181
9 109
10 109
11 72
12 72
13 53
14 53
15 39
16 39
17 30
18 30
19 25
20 25
21 20
22 20
23 17
24 17
25 14
26 14
27 13
28 13
29 11
30 11
31 9
32 9
33 9
34 9
35 7
36 7
37 7
38 7
39 6
40 6
41 6
42 6
43 5
44 5
45 5
46 5
47 4
48 4
49 4
50 4
51 4
52 4
53 4
54 4
55 3
56 3
57 3
58 3
59 3
60 3
61 3
62 3
63 3
64 3
65 3
66 3
67 2
68 2
69 2
70 2
71 2
72 2
73 2
74 2
75 2
76 2
77 2
78 2
79 2
80 2
81 2
82 2
83 2
84 2
85 2
86 2
87 2
88 2
89 2
90 2
91 2
92 2
93 2
94 2
95 2
96 2
97 2
98 2
99 1
100 1
101 1
102 1
103 1
104 1
105 1
106 1
107 1
108 1
109 1
110 1
111 1
112 1
113 1
114 1
115 1
116 1
117 1
118 1
119 1
120 1
121 1
122 1
123 1
124 1
125 1
126 1
127 1
128 1
129 1
130 1
131 1
