0 131073
1 56871
2 56871
3 4334
4 4334
5 1444
6 1444
7 723
8 723
9 434
10 434
11 289
12 289
13 207
14 207
15 155
16 155
17 121
18 121
19 97
20 97
21 79
22 79
23 66
24 66
25 56
26 56
27 49
28 49
29 41
30 41
31 37
32 37
33 32
34 32
35 29
36 29
37 26
38 26
39 23
40 23
41 21
42 21
43 20
44 20
45 17
46 17
47 17
48 17
49 14
50 14
51 14
52 14
53 13
54 13
55 12
56 12
57 11
58 11
59 11
60 11
61 10
62 10
63 9
64 9
65 9
66 9
67 8
68 8
69 8
70 8
71 7
72 7
73 7
74 7
75 7
76 7
77 6
78 6
79 6
80 6
81 6
82 6
83 6
84 6
85 5
86 5
87 5
88 5
89 5
90 5
91 5
92 5
93 4
94 4
95 4
96 4
97 4
98 4
99 4
100 4
101 4
102 4
103 4
104 4
105 4
106 4
107 4
108 4
109 3
110 3
111 3
112 3
113 3
114 3
115 3
116 3
117 3
118 3
119 3
120 3
121 3
122 3
123 3
124 3
125 3
126 3
127 3
128 3
129 3
130 3
131 3
132 3
133 2
134 2
135 2
136 2
137 2
138 2
139 2
140 2
141 2
142 2
143 2
144 2
145 2
146 2
147 2
148 2
149 2
150 2
151 2
152 2
153 2
154 2
155 2
156 2
157 2
158 2
159 2
160 2
161 2
162 2
163 2
164 2
165 2
166 2
167 2
168 2
169 2
170 2
171 2
172 2
173 2
174 2
175 2
176 2
177 2
178 2
179 2
180 2
181 2
182 2
183 2
184 2
185 2
186 2
187 2
188 2
189 2
190 2
191 2
192 2
193 2
194 2
195 1
196 1
197 1
198 1
199 1
200 1
201 1
202 1
203 1
204 1
205 1
206 1
207 1
208 1
209 1
210 1
211 1
212 1
213 1
214 1
215 1
216 1
217 1
218 1
219 1
220 1
221 1
222 1
223 1
224 1
225 1
226 1
227 1
228 1
229 1
230 1
231 1
232 1
233 1
234 1
235 1
236 1
237 1
238 1
239 1
240 1
241 1
242 1
243 1
244 1
245 1
246 1
247 1
248 1
249 1
250 1
251 1
252 1
253 1
254 1
255 1
256 1
257 1
258 1
259 1
260 1
261 1
262 1
263 1
