0 65537
1 28436
2 28436
3 2167
4 2167
5 723
6 723
7 361
8 361
9 217
10 217
11 145
12 145
13 104
14 104
15 78
16 78
17 61
18 61
19 48
20 48
21 40
22 40
23 33
24 33
25 29
26 29
27 24
28 24
29 21
30 21
31 19
32 19
33 16
34 16
35 15
36 15
37 13
38 13
39 12
40 12
41 11
42 11
43 10
44 10
45 9
46 9
47 8
48 8
49 8
50 8
51 7
52 7
53 7
54 7
55 6
56 6
57 6
58 6
59 5
60 5
61 5
62 5
63 5
64 5
65 5
66 5
67 4
68 4
69 4
70 4
71 4
72 4
73 4
74 4
75 4
76 4
77 3
78 3
79 3
80 3
81 3
82 3
83 3
84 3
85 3
86 3
87 3
88 3
89 3
90 3
91 3
92 3
93 3
94 3
95 2
96 2
97 2
98 2
99 2
100 2
101 2
102 2
103 2
104 2
105 2
106 2
107 2
108 2
109 2
110 2
111 2
112 2
113 2
114 2
115 2
116 2
117 2
118 2
119 2
120 2
121 2
122 2
123 2
124 2
125 2
126 2
127 2
128 2
129 2
130 2
131 2
132 2
133 2
134 2
135 2
136 2
137 1
138 1
139 1
140 1
141 1
142 1
143 1
144 1
145 1
146 1
147 1
148 1
149 1
150 1
151 1
152 1
153 1
154 1
155 1
156 1
157 1
158 1
159 1
160 1
161 1
162 1
163 1
164 1
165 1
166 1
167 1
168 1
169 1
170 1
171 1
172 1
173 1
174 1
175 1
176 1
177 1
178 1
179 1
180 1
181 1
182 1
183 1
184 1
185 1
186 1
187 1
