0   0
1   4
4   15
15   43
43   55
55   29
29   61
61   11
11   35
35   60
60   15
2   7
7   24
24   57
57   24
3   11
11   35
35   60
60   15
15   43
43   55
55   29
29   61
61   11
4   14
14   42
42   55
55   30
30   60
60   15
15   43
43   55
5   17
17   48
48   45
45   52
52   37
37   60
60   14
14   42
42   55
55   30
30   60
6   21
21   55
55   29
29   61
61   11
11   35
35   60
60   15
15   43
43   55
7   24
24   58
58   21
21   55
55   29
29   61
61   11
11   35
35   60
60   15
15   43
43   55
8   26
26   60
60   14
14   42
42   55
55   30
30   60
9   29
29   61
61   11
11   35
35   60
60   15
15   43
43   55
55   29
10   32
32   62
62   7
7   24
24   57
57   24
11   34
34   62
62   7
7   24
24   57
57   24
12   37
37   60
60   14
14   42
42   55
55   30
30   60
13   39
39   59
59   17
17   48
48   45
45   52
52   37
37   60
60   14
14   42
42   55
55   30
30   60
14   41
41   57
57   24
24   58
58   21
21   55
55   29
29   61
61   11
11   35
35   60
60   15
15   43
43   55
15   43
43   55
55   29
29   61
61   11
11   35
35   60
60   15
16   45
45   52
52   37
37   60
60   14
14   42
42   55
55   30
30   60
17   47
47   48
48   45
45   52
52   37
37   60
60   14
14   42
42   55
55   30
30   60
18   49
49   45
45   51
51   40
40   57
57   24
24   57
19   51
51   40
40   57
57   24
24   57
20   52
52   38
38   58
58   21
21   53
53   35
35   60
60   15
15   43
43   55
55   29
29   61
61   11
11   35
21   53
53   35
35   60
60   15
15   43
43   55
55   29
29   61
61   11
11   35
22   55
55   30
30   60
60   15
15   43
43   55
23   56
56   27
27   59
59   18
18   49
49   45
45   51
51   40
40   57
57   24
24   57
24   57
57   24
25   58
58   21
21   53
53   35
35   60
60   15
15   43
43   55
55   29
29   61
61   11
11   35
26   58
58   21
21   53
53   35
35   60
60   15
15   43
43   55
55   29
29   61
61   11
11   35
27   59
59   18
18   49
49   45
45   51
51   40
40   57
57   24
24   57
28   60
60   15
15   43
43   55
55   29
29   61
61   11
11   35
35   60
29   60
60   15
15   43
43   55
55   29
30   60
60   15
15   43
43   55
55   29
29   61
61   11
11   35
35   60
31   60
60   15
15   43
43   55
55   29
29   61
61   11
11   35
35   60
32   61
61   11
11   34
34   62
62   7
7   24
24   57
57   24
33   60
60   15
15   43
43   55
55   29
29   61
61   11
11   35
35   60
34   60
60   15
15   43
43   55
55   29
29   61
61   11
11   35
35   60
35   60
60   15
15   43
43   55
55   29
29   61
61   11
11   35
36   60
60   15
15   43
43   55
55   29
29   61
61   11
11   35
35   60
37   59
59   18
18   49
49   45
45   51
51   40
40   57
57   24
24   57
38   58
58   21
21   53
53   35
35   60
60   15
15   43
43   55
55   29
29   61
61   11
11   35
39   58
58   21
21   53
53   35
35   60
60   15
15   43
43   55
55   29
29   61
61   11
11   35
40   57
57   24
24   57
41   56
56   27
27   59
59   18
18   49
49   45
45   51
51   40
40   57
57   24
24   57
42   55
55   30
30   60
60   15
15   43
43   55
43   53
53   35
35   60
60   15
15   43
44   52
52   38
38   58
58   21
21   53
53   35
35   60
60   15
15   43
43   55
55   29
29   61
61   11
11   35
45   51
51   40
40   57
57   24
24   57
46   49
49   45
45   51
51   40
40   57
57   24
24   57
47   47
48   45
45   52
52   37
37   60
60   14
14   42
42   55
55   30
30   60
49   43
43   55
55   29
29   61
61   11
11   35
35   60
60   15
15   43
50   41
41   57
57   24
24   58
58   21
21   55
55   29
29   61
61   11
11   35
35   60
60   15
15   43
43   55
51   39
39   59
59   17
17   48
48   45
45   52
52   37
37   60
60   14
14   42
42   55
55   30
30   60
52   37
37   60
60   14
14   42
42   55
55   30
30   60
53   34
34   62
62   7
7   24
24   57
57   24
54   32
32   62
62   7
7   24
24   57
57   24
55   29
29   61
61   11
11   35
35   60
60   15
15   43
43   55
56   26
26   60
60   14
14   42
42   55
55   30
30   60
57   24
24   58
58   21
21   55
55   29
29   61
61   11
11   35
35   60
60   15
15   43
43   55
58   21
21   55
55   29
29   61
61   11
11   35
35   60
60   15
15   43
43   55
59   17
17   48
48   45
45   52
52   37
37   60
60   14
14   42
42   55
55   30
30   60
60   14
14   42
42   55
55   30
30   60
61   11
11   35
35   60
60   15
15   43
43   55
55   29
29   61
62   7
7   24
24   57
57   24
63   4
4   15
15   43
43   55
55   29
29   61
61   11
11   35
35   60
60   15
64   0
0   0
