0   0
1   4
4   15
15   43
43   55
55   29
29   61
61   11
11   35
35   60
60   15
2   7
7   24
24   57
57   24
3   11
4   14
14   42
42   55
55   30
30   60
5   17
17   48
48   45
45   52
52   37
37   60
60   14
6   21
21   55
24   58
58   21
8   26
26   60
9   29
10   32
32   62
62   7
11   34
34   62
12   37
13   39
39   59
59   17
14   41
41   57
16   45
17   47
47   48
18   49
49   45
45   51
51   40
40   57
19   51
20   52
52   38
38   58
21   53
53   35
22   55
23   56
56   27
27   59
59   18
25   58
26   58
28   60
29   60
31   60
32   61
33   60
34   60
36   60
37   59
39   58
41   56
43   53
44   52
46   49
47   47
49   43
50   41
51   39
53   34
54   32
56   26
63   4
64   0
