0   0
1   4
2   7
3   11
4   15
4   14
5   17
6   21
7   24
8   26
9   29
10   32
11   35
11   34
12   37
13   39
14   42
14   41
15   43
16   45
17   48
17   47
18   49
19   51
20   52
21   55
21   53
22   55
23   56
24   57
24   58
25   58
26   60
26   58
27   59
28   60
29   61
29   60
30   60
31   60
32   62
32   61
33   60
34   62
34   60
35   60
36   60
37   60
37   59
38   58
39   59
39   58
40   57
41   57
41   56
42   55
43   55
43   53
44   52
45   52
45   51
46   49
47   48
47   47
48   45
49   45
49   43
50   41
51   40
51   39
52   37
52   38
53   35
53   34
54   32
55   29
55   30
56   27
56   26
57   24
58   21
59   17
59   18
60   15
60   14
61   11
62   7
63   4
64   0
