0   0
1   2
2   4
3   6
4   8
5   10
6   12
7   14
8   16
9   17
10   19
11   21
12   23
13   25
14   27
15   29
16   31
17   33
18   35
19   37
20   39
21   41
22   43
23   45
24   47
25   48
26   50
27   52
28   54
29   56
30   58
31   60
32   62
33   60
34   58
35   56
36   54
37   52
38   50
39   48
40   47
41   45
42   43
43   41
44   39
45   37
46   35
47   33
48   31
49   29
50   27
51   25
52   23
53   21
54   19
55   17
56   16
57   14
58   12
59   10
60   8
61   6
62   4
63   2
64   0
