1   2
3   6
5   10
7   14
9   17
11   21
13   25
15   29
17   33
19   37
21   41
23   45
25   48
27   52
29   56
31   60
33   64
35   68
37   72
39   76
41   79
43   83
45   87
47   91
49   95
51   99
53   103
55   107
57   110
59   114
61   118
63   122
65   122
67   118
69   114
71   110
73   107
75   103
77   99
79   95
81   91
83   87
85   83
87   79
89   76
91   72
93   68
95   64
97   60
99   56
101   52
103   48
105   45
107   41
109   37
111   33
113   29
115   25
117   21
119   17
121   14
123   10
125   6
127   2
