0   0
2   4
4   8
6   12
8   16
10   19
12   23
14   27
16   31
18   35
20   39
22   43
24   47
26   50
28   54
30   58
32   62
34   66
36   70
38   74
40   78
42   81
44   85
46   89
48   93
50   97
52   101
54   105
56   109
58   112
60   116
62   120
64   124
66   120
68   116
70   112
72   109
74   105
76   101
78   97
80   93
82   89
84   85
86   81
88   78
90   74
92   70
94   66
96   62
98   58
100   54
102   50
104   47
106   43
108   39
110   35
112   31
114   27
116   23
118   19
120   16
122   12
124   8
126   4
128   0
