0 0
1 3
2 7
3 11
4 14
5 18
6 22
7 26
8 29
9 33
10 37
11 41
12 44
13 48
14 52
15 55
16 59
17 63
18 65
19 67
20 69
21 70
22 72
23 74
24 76
25 78
26 80
27 81
28 83
29 85
30 87
31 89
32 91
33 92
34 94
35 96
36 97
37 98
38 98
39 99
40 100
41 101
42 102
43 103
44 104
45 105
46 106
47 107
48 107
49 108
50 109
51 110
52 111
53 112
54 113
55 114
56 115
57 115
58 116
59 117
60 118
61 119
62 120
63 121
64 122
65 123
66 125
67 127
68 128
69 129
70 130
71 131
72 132
73 132
74 133
75 134
76 135
77 136
78 137
79 138
80 138
81 139
82 140
83 141
84 142
85 143
86 143
87 144
88 145
89 146
90 147
91 148
92 148
93 149
94 150
95 151
96 152
97 153
98 155
99 157
100 158
101 160
102 160
103 161
104 162
105 163
106 164
107 164
108 165
109 166
110 167
111 168
112 168
113 169
114 170
115 171
116 171
117 172
118 173
119 174
120 174
121 175
122 176
123 176
124 177
125 178
126 179
127 179
128 180
129 181
130 183
131 184
132 186
133 187
134 188
135 189
136 191
137 192
138 192
139 193
140 194
141 194
142 195
143 195
144 196
145 197
146 197
147 198
148 198
149 199
150 199
151 200
152 201
153 201
154 202
155 202
156 203
157 203
158 204
159 204
160 205
161 205
162 206
163 207
164 208
165 209
166 210
167 210
168 211
169 212
170 212
171 213
172 214
173 214
174 215
175 215
176 216
177 216
178 217
179 217
180 217
181 218
182 218
183 218
184 219
185 219
186 219
187 219
188 219
189 219
190 219
191 219
192 220
193 219
194 219
195 219
196 219
197 218
198 217
199 217
200 216
201 215
202 214
203 212
204 211
205 210
206 208
207 206
208 205
209 203
210 201
211 198
212 196
213 194
214 191
215 186
216 180
217 174
218 168
219 162
220 152
221 138
222 122
223 91
224 0
