0 0
1 3
2 7
3 11
4 15
5 18
6 22
7 26
8 30
9 33
10 37
11 41
12 45
13 49
14 52
15 56
16 60
17 64
18 67
19 71
20 75
21 79
22 82
23 86
24 90
25 93
26 97
27 101
28 105
29 108
30 112
31 116
32 120
33 123
34 127
35 129
36 131
37 133
38 135
39 137
40 138
41 140
42 142
43 144
44 146
45 148
46 150
47 151
48 153
49 155
50 157
51 159
52 161
53 162
54 164
55 166
56 168
57 170
58 172
59 173
60 175
61 177
62 179
63 181
64 183
65 184
66 186
67 188
68 190
69 192
70 193
71 193
72 194
73 195
74 196
75 197
76 198
77 199
78 200
79 201
80 202
81 203
82 203
83 204
84 205
85 206
86 207
87 208
88 209
89 210
90 211
91 212
92 213
93 213
94 214
95 215
96 216
97 217
98 218
99 219
100 220
101 221
102 222
103 222
104 223
105 224
106 225
107 226
108 227
109 228
110 229
111 230
112 230
113 231
114 232
115 233
116 234
117 235
118 236
119 237
120 238
121 239
122 239
123 240
124 241
125 242
126 243
127 244
128 245
129 247
130 248
131 250
132 252
133 254
134 255
135 256
136 257
137 258
138 259
139 260
140 261
141 262
142 262
143 263
144 264
145 265
146 266
147 267
148 268
149 269
150 269
151 270
152 271
153 272
154 273
155 274
156 275
157 275
158 276
159 277
160 278
161 279
162 280
163 281
164 281
165 282
166 283
167 284
168 285
169 286
170 287
171 287
172 288
173 289
174 290
175 291
176 292
177 292
178 293
179 294
180 295
181 296
182 297
183 297
184 298
185 299
186 300
187 301
188 302
189 302
190 303
191 304
192 305
193 307
194 308
195 310
196 312
197 313
198 315
199 316
200 318
201 320
202 320
203 321
204 322
205 323
206 324
207 324
208 325
209 326
210 327
211 328
212 328
213 329
214 330
215 331
216 332
217 332
218 333
219 334
220 335
221 335
222 336
223 337
224 338
225 339
226 339
227 340
228 341
229 342
230 342
231 343
232 344
233 345
234 345
235 346
236 347
237 348
238 348
239 349
240 350
241 351
242 351
243 352
244 353
245 353
246 354
247 355
248 356
249 356
250 357
251 358
252 359
253 359
254 360
255 361
256 361
257 363
258 364
259 366
260 367
261 368
262 370
263 371
264 372
265 374
266 375
267 377
268 378
269 379
270 381
271 382
272 383
273 384
274 385
275 385
276 386
277 387
278 387
279 388
280 388
281 389
282 390
283 390
284 391
285 391
286 392
287 393
288 393
289 394
290 394
291 395
292 396
293 396
294 397
295 397
296 398
297 398
298 399
299 400
300 400
301 401
302 401
303 402
304 402
305 403
306 403
307 404
308 404
309 405
310 405
311 406
312 406
313 407
314 407
315 408
316 408
317 409
318 409
319 410
320 410
321 411
322 412
323 413
324 414
325 415
326 416
327 417
328 417
329 418
330 419
331 420
332 421
333 421
334 422
335 423
336 423
337 424
338 425
339 426
340 426
341 427
342 427
343 428
344 429
345 429
346 430
347 430
348 431
349 431
350 432
351 432
352 433
353 433
354 434
355 434
356 435
357 435
358 436
359 436
360 436
361 437
362 437
363 437
364 438
365 438
366 438
367 438
368 439
369 439
370 439
371 439
372 439
373 440
374 440
375 440
376 440
377 440
378 440
379 440
380 440
381 440
382 440
383 441
384 441
385 440
386 440
387 440
388 440
389 440
390 439
391 439
392 439
393 438
394 438
395 437
396 436
397 436
398 435
399 434
400 433
401 432
402 431
403 430
404 429
405 427
406 426
407 425
408 423
409 422
410 421
411 419
412 417
413 416
414 414
415 412
416 410
417 408
418 406
419 404
420 402
421 400
422 398
423 396
424 393
425 391
426 388
427 386
428 383
429 378
430 372
431 367
432 361
433 356
434 350
435 344
436 338
437 332
438 325
439 318
440 305
441 292
442 278
443 264
444 245
445 216
446 183
447 120
448 0
