0 0
1 3
2 7
3 11
4 15
5 18
6 22
7 26
8 30
9 33
10 37
11 41
12 45
13 49
14 52
15 56
16 60
17 64
18 67
19 71
20 75
21 79
22 82
23 86
24 90
25 94
26 98
27 101
28 105
29 109
30 113
31 116
32 120
33 124
34 128
35 131
36 135
37 139
38 143
39 146
40 150
41 154
42 157
43 161
44 165
45 169
46 172
47 176
48 180
49 184
50 187
51 191
52 195
53 199
54 202
55 206
56 210
57 214
58 217
59 221
60 225
61 228
62 232
63 236
64 240
65 243
66 247
67 251
68 254
69 257
70 259
71 261
72 262
73 264
74 266
75 268
76 270
77 272
78 274
79 275
80 277
81 279
82 281
83 283
84 285
85 287
86 288
87 290
88 292
89 294
90 296
91 298
92 299
93 301
94 303
95 305
96 307
97 309
98 311
99 312
100 314
101 316
102 318
103 320
104 322
105 323
106 325
107 327
108 329
109 331
110 333
111 335
112 336
113 338
114 340
115 342
116 344
117 346
118 347
119 349
120 351
121 353
122 355
123 357
124 358
125 360
126 362
127 364
128 366
129 368
130 369
131 371
132 373
133 375
134 377
135 379
136 380
137 382
138 384
139 385
140 386
141 386
142 387
143 388
144 389
145 390
146 391
147 392
148 393
149 394
150 395
151 396
152 397
153 397
154 398
155 399
156 400
157 401
158 402
159 403
160 404
161 405
162 406
163 407
164 407
165 408
166 409
167 410
168 411
169 412
170 413
171 414
172 415
173 416
174 416
175 417
176 418
177 419
178 420
179 421
180 422
181 423
182 424
183 425
184 426
185 426
186 427
187 428
188 429
189 430
190 431
191 432
192 433
193 434
194 435
195 435
196 436
197 437
198 438
199 439
200 440
201 441
202 442
203 443
204 444
205 444
206 445
207 446
208 447
209 448
210 449
211 450
212 451
213 452
214 453
215 453
216 454
217 455
218 456
219 457
220 458
221 459
222 460
223 461
224 461
225 462
226 463
227 464
228 465
229 466
230 467
231 468
232 469
233 469
234 470
235 471
236 472
237 473
238 474
239 475
240 476
241 477
242 478
243 478
244 479
245 480
246 481
247 482
248 483
249 484
250 485
251 486
252 486
253 487
254 488
255 489
256 490
257 492
258 493
259 495
260 497
261 499
262 501
263 502
264 504
265 506
266 508
267 509
268 511
269 512
270 513
271 514
272 515
273 516
274 517
275 517
276 518
277 519
278 520
279 521
280 522
281 523
282 524
283 524
284 525
285 526
286 527
287 528
288 529
289 530
290 531
291 531
292 532
293 533
294 534
295 535
296 536
297 537
298 538
299 538
300 539
301 540
302 541
303 542
304 543
305 544
306 544
307 545
308 546
309 547
310 548
311 549
312 550
313 550
314 551
315 552
316 553
317 554
318 555
319 556
320 556
321 557
322 558
323 559
324 560
325 561
326 562
327 562
328 563
329 564
330 565
331 566
332 567
333 568
334 568
335 569
336 570
337 571
338 572
339 573
340 574
341 574
342 575
343 576
344 577
345 578
346 579
347 579
348 580
349 581
350 582
351 583
352 584
353 585
354 585
355 586
356 587
357 588
358 589
359 590
360 590
361 591
362 592
363 593
364 594
365 595
366 595
367 596
368 597
369 598
370 599
371 600
372 600
373 601
374 602
375 603
376 604
377 605
378 605
379 606
380 607
381 608
382 609
383 610
384 610
385 612
386 614
387 615
388 617
389 619
390 620
391 622
392 624
393 625
394 627
395 628
396 630
397 632
398 633
399 635
400 637
401 638
402 640
403 640
404 641
405 642
406 643
407 644
408 645
409 645
410 646
411 647
412 648
413 649
414 649
415 650
416 651
417 652
418 653
419 653
420 654
421 655
422 656
423 656
424 657
425 658
426 659
427 660
428 660
429 661
430 662
431 663
432 664
433 664
434 665
435 666
436 667
437 667
438 668
439 669
440 670
441 671
442 671
443 672
444 673
445 674
446 674
447 675
448 676
449 677
450 678
451 678
452 679
453 680
454 681
455 681
456 682
457 683
458 684
459 684
460 685
461 686
462 687
463 687
464 688
465 689
466 690
467 690
468 691
469 692
470 693
471 693
472 694
473 695
474 696
475 696
476 697
477 698
478 699
479 699
480 700
481 701
482 702
483 702
484 703
485 704
486 705
487 705
488 706
489 707
490 707
491 708
492 709
493 710
494 710
495 711
496 712
497 713
498 713
499 714
500 715
501 715
502 716
503 717
504 718
505 718
506 719
507 720
508 720
509 721
510 722
511 723
512 723
513 725
514 726
515 727
516 729
517 730
518 732
519 733
520 734
521 736
522 737
523 739
524 740
525 741
526 743
527 744
528 745
529 747
530 748
531 750
532 751
533 752
534 754
535 755
536 756
537 758
538 759
539 760
540 762
541 763
542 764
543 765
544 767
545 768
546 768
547 769
548 770
549 770
550 771
551 772
552 772
553 773
554 774
555 774
556 775
557 775
558 776
559 777
560 777
561 778
562 779
563 779
564 780
565 780
566 781
567 782
568 782
569 783
570 783
571 784
572 785
573 785
574 786
575 786
576 787
577 788
578 788
579 789
580 789
581 790
582 790
583 791
584 792
585 792
586 793
587 793
588 794
589 794
590 795
591 796
592 796
593 797
594 797
595 798
596 798
597 799
598 800
599 800
600 801
601 801
602 802
603 802
604 803
605 803
606 804
607 804
608 805
609 805
610 806
611 807
612 807
613 808
614 808
615 809
616 809
617 810
618 810
619 811
620 811
621 812
622 812
623 813
624 813
625 814
626 814
627 815
628 815
629 816
630 816
631 817
632 817
633 818
634 818
635 819
636 819
637 820
638 820
639 821
640 821
641 822
642 823
643 824
644 825
645 826
646 827
647 827
648 828
649 829
650 830
651 831
652 832
653 833
654 834
655 834
656 835
657 836
658 837
659 838
660 838
661 839
662 840
663 841
664 842
665 842
666 843
667 844
668 845
669 845
670 846
671 847
672 847
673 848
674 849
675 850
676 850
677 851
678 852
679 852
680 853
681 854
682 854
683 855
684 855
685 856
686 857
687 857
688 858
689 858
690 859
691 860
692 860
693 861
694 861
695 862
696 862
697 863
698 863
699 864
700 864
701 865
702 865
703 866
704 866
705 867
706 867
707 868
708 868
709 869
710 869
711 870
712 870
713 870
714 871
715 871
716 872
717 872
718 872
719 873
720 873
721 873
722 874
723 874
724 874
725 875
726 875
727 875
728 876
729 876
730 876
731 876
732 877
733 877
734 877
735 877
736 878
737 878
738 878
739 878
740 879
741 879
742 879
743 879
744 879
745 880
746 880
747 880
748 880
749 880
750 880
751 880
752 881
753 881
754 881
755 881
756 881
757 881
758 881
759 881
760 881
761 881
762 881
763 881
764 881
765 881
766 881
767 881
768 882
769 881
770 881
771 881
772 881
773 881
774 881
775 881
776 881
777 880
778 880
779 880
780 879
781 879
782 879
783 878
784 878
785 877
786 877
787 876
788 876
789 875
790 874
791 874
792 873
793 872
794 872
795 871
796 870
797 869
798 868
799 867
800 866
801 865
802 864
803 863
804 862
805 861
806 860
807 859
808 858
809 857
810 855
811 854
812 853
813 852
814 850
815 849
816 847
817 846
818 845
819 843
820 842
821 840
822 838
823 837
824 835
825 834
826 832
827 830
828 828
829 827
830 825
831 823
832 821
833 819
834 817
835 815
836 813
837 811
838 809
839 807
840 805
841 803
842 801
843 798
844 796
845 794
846 792
847 789
848 787
849 785
850 782
851 780
852 777
853 775
854 772
855 770
856 767
857 762
858 756
859 751
860 745
861 740
862 734
863 729
864 723
865 718
866 712
867 706
868 700
869 694
870 688
871 682
872 676
873 670
874 664
875 657
876 651
877 645
878 637
879 624
880 610
881 597
882 584
883 570
884 556
885 543
886 529
887 515
888 490
889 461
890 433
891 404
892 366
893 307
894 240
895 120
896 0
