0 0
1 3
2 7
3 11
4 15
5 18
6 22
7 26
8 30
9 34
10 37
11 41
12 45
13 49
14 52
15 56
16 60
17 64
18 67
19 71
20 75
21 79
22 83
23 86
24 90
25 94
26 98
27 101
28 105
29 109
30 113
31 116
32 120
33 124
34 128
35 132
36 135
37 139
38 143
39 147
40 150
41 154
42 158
43 162
44 165
45 169
46 173
47 177
48 180
49 184
50 188
51 192
52 196
53 199
54 203
55 207
56 211
57 214
58 218
59 222
60 226
61 229
62 233
63 237
64 241
65 244
66 248
67 252
68 256
69 259
70 263
71 267
72 271
73 274
74 278
75 282
76 286
77 289
78 293
79 297
80 301
81 304
82 308
83 312
84 315
85 319
86 323
87 327
88 330
89 334
90 338
91 342
92 345
93 349
94 353
95 357
96 360
97 364
98 368
99 372
100 375
101 379
102 383
103 387
104 390
105 394
106 398
107 401
108 405
109 409
110 413
111 416
112 420
113 424
114 428
115 431
116 435
117 439
118 442
119 446
120 450
121 454
122 457
123 461
124 465
125 469
126 472
127 476
128 480
129 483
130 487
131 491
132 495
133 498
134 502
135 506
136 509
137 512
138 514
139 516
140 518
141 520
142 522
143 523
144 525
145 527
146 529
147 531
148 533
149 535
150 536
151 538
152 540
153 542
154 544
155 546
156 548
157 549
158 551
159 553
160 555
161 557
162 559
163 561
164 562
165 564
166 566
167 568
168 570
169 572
170 574
171 575
172 577
173 579
174 581
175 583
176 585
177 587
178 588
179 590
180 592
181 594
182 596
183 598
184 599
185 601
186 603
187 605
188 607
189 609
190 611
191 612
192 614
193 616
194 618
195 620
196 622
197 623
198 625
199 627
200 629
201 631
202 633
203 635
204 636
205 638
206 640
207 642
208 644
209 646
210 647
211 649
212 651
213 653
214 655
215 657
216 658
217 660
218 662
219 664
220 666
221 668
222 670
223 671
224 673
225 675
226 677
227 679
228 681
229 682
230 684
231 686
232 688
233 690
234 692
235 693
236 695
237 697
238 699
239 701
240 703
241 704
242 706
243 708
244 710
245 712
246 714
247 715
248 717
249 719
250 721
251 723
252 725
253 726
254 728
255 730
256 732
257 734
258 736
259 737
260 739
261 741
262 743
263 745
264 747
265 748
266 750
267 752
268 754
269 756
270 758
271 759
272 761
273 763
274 765
275 767
276 768
277 769
278 770
279 771
280 772
281 773
282 773
283 774
284 775
285 776
286 777
287 778
288 779
289 780
290 781
291 782
292 783
293 784
294 784
295 785
296 786
297 787
298 788
299 789
300 790
301 791
302 792
303 793
304 794
305 794
306 795
307 796
308 797
309 798
310 799
311 800
312 801
313 802
314 803
315 804
316 804
317 805
318 806
319 807
320 808
321 809
322 810
323 811
324 812
325 813
326 814
327 814
328 815
329 816
330 817
331 818
332 819
333 820
334 821
335 822
336 823
337 824
338 824
339 825
340 826
341 827
342 828
343 829
344 830
345 831
346 832
347 833
348 833
349 834
350 835
351 836
352 837
353 838
354 839
355 840
356 841
357 842
358 843
359 843
360 844
361 845
362 846
363 847
364 848
365 849
366 850
367 851
368 852
369 852
370 853
371 854
372 855
373 856
374 857
375 858
376 859
377 860
378 861
379 861
380 862
381 863
382 864
383 865
384 866
385 867
386 868
387 869
388 870
389 870
390 871
391 872
392 873
393 874
394 875
395 876
396 877
397 878
398 879
399 879
400 880
401 881
402 882
403 883
404 884
405 885
406 886
407 887
408 888
409 888
410 889
411 890
412 891
413 892
414 893
415 894
416 895
417 896
418 897
419 897
420 898
421 899
422 900
423 901
424 902
425 903
426 904
427 905
428 906
429 906
430 907
431 908
432 909
433 910
434 911
435 912
436 913
437 914
438 914
439 915
440 916
441 917
442 918
443 919
444 920
445 921
446 922
447 923
448 923
449 924
450 925
451 926
452 927
453 928
454 929
455 930
456 931
457 931
458 932
459 933
460 934
461 935
462 936
463 937
464 938
465 939
466 939
467 940
468 941
469 942
470 943
471 944
472 945
473 946
474 947
475 948
476 948
477 949
478 950
479 951
480 952
481 953
482 954
483 955
484 956
485 956
486 957
487 958
488 959
489 960
490 961
491 962
492 963
493 964
494 964
495 965
496 966
497 967
498 968
499 969
500 970
501 971
502 972
503 972
504 973
505 974
506 975
507 976
508 977
509 978
510 979
511 979
512 980
513 982
514 984
515 986
516 987
517 989
518 991
519 993
520 995
521 996
522 998
523 1000
524 1002
525 1003
526 1005
527 1007
528 1009
529 1010
530 1012
531 1014
532 1016
533 1017
534 1019
535 1021
536 1023
537 1024
538 1025
539 1026
540 1027
541 1028
542 1028
543 1029
544 1030
545 1031
546 1032
547 1033
548 1034
549 1035
550 1035
551 1036
552 1037
553 1038
554 1039
555 1040
556 1041
557 1042
558 1042
559 1043
560 1044
561 1045
562 1046
563 1047
564 1048
565 1049
566 1049
567 1050
568 1051
569 1052
570 1053
571 1054
572 1055
573 1056
574 1056
575 1057
576 1058
577 1059
578 1060
579 1061
580 1062
581 1063
582 1063
583 1064
584 1065
585 1066
586 1067
587 1068
588 1069
589 1069
590 1070
591 1071
592 1072
593 1073
594 1074
595 1075
596 1076
597 1076
598 1077
599 1078
600 1079
601 1080
602 1081
603 1082
604 1082
605 1083
606 1084
607 1085
608 1086
609 1087
610 1088
611 1089
612 1089
613 1090
614 1091
615 1092
616 1093
617 1094
618 1095
619 1095
620 1096
621 1097
622 1098
623 1099
624 1100
625 1101
626 1101
627 1102
628 1103
629 1104
630 1105
631 1106
632 1107
633 1107
634 1108
635 1109
636 1110
637 1111
638 1112
639 1113
640 1113
641 1114
642 1115
643 1116
644 1117
645 1118
646 1119
647 1119
648 1120
649 1121
650 1122
651 1123
652 1124
653 1125
654 1125
655 1126
656 1127
657 1128
658 1129
659 1130
660 1131
661 1131
662 1132
663 1133
664 1134
665 1135
666 1136
667 1137
668 1137
669 1138
670 1139
671 1140
672 1141
673 1142
674 1142
675 1143
676 1144
677 1145
678 1146
679 1147
680 1148
681 1148
682 1149
683 1150
684 1151
685 1152
686 1153
687 1153
688 1154
689 1155
690 1156
691 1157
692 1158
693 1159
694 1159
695 1160
696 1161
697 1162
698 1163
699 1164
700 1164
701 1165
702 1166
703 1167
704 1168
705 1169
706 1170
707 1170
708 1171
709 1172
710 1173
711 1174
712 1175
713 1175
714 1176
715 1177
716 1178
717 1179
718 1180
719 1180
720 1181
721 1182
722 1183
723 1184
724 1185
725 1185
726 1186
727 1187
728 1188
729 1189
730 1190
731 1190
732 1191
733 1192
734 1193
735 1194
736 1195
737 1195
738 1196
739 1197
740 1198
741 1199
742 1200
743 1200
744 1201
745 1202
746 1203
747 1204
748 1205
749 1205
750 1206
751 1207
752 1208
753 1209
754 1210
755 1210
756 1211
757 1212
758 1213
759 1214
760 1215
761 1215
762 1216
763 1217
764 1218
765 1219
766 1220
767 1220
768 1221
769 1223
770 1225
771 1226
772 1228
773 1230
774 1231
775 1233
776 1234
777 1236
778 1238
779 1239
780 1241
781 1243
782 1244
783 1246
784 1248
785 1249
786 1251
787 1253
788 1254
789 1256
790 1257
791 1259
792 1261
793 1262
794 1264
795 1266
796 1267
797 1269
798 1270
799 1272
800 1274
801 1275
802 1277
803 1279
804 1280
805 1281
806 1281
807 1282
808 1283
809 1284
810 1285
811 1286
812 1286
813 1287
814 1288
815 1289
816 1290
817 1290
818 1291
819 1292
820 1293
821 1294
822 1294
823 1295
824 1296
825 1297
826 1298
827 1298
828 1299
829 1300
830 1301
831 1302
832 1302
833 1303
834 1304
835 1305
836 1306
837 1306
838 1307
839 1308
840 1309
841 1310
842 1310
843 1311
844 1312
845 1313
846 1313
847 1314
848 1315
849 1316
850 1317
851 1317
852 1318
853 1319
854 1320
855 1321
856 1321
857 1322
858 1323
859 1324
860 1325
861 1325
862 1326
863 1327
864 1328
865 1328
866 1329
867 1330
868 1331
869 1332
870 1332
871 1333
872 1334
873 1335
874 1335
875 1336
876 1337
877 1338
878 1339
879 1339
880 1340
881 1341
882 1342
883 1342
884 1343
885 1344
886 1345
887 1346
888 1346
889 1347
890 1348
891 1349
892 1349
893 1350
894 1351
895 1352
896 1352
897 1353
898 1354
899 1355
900 1356
901 1356
902 1357
903 1358
904 1359
905 1359
906 1360
907 1361
908 1362
909 1362
910 1363
911 1364
912 1365
913 1365
914 1366
915 1367
916 1368
917 1368
918 1369
919 1370
920 1371
921 1372
922 1372
923 1373
924 1374
925 1375
926 1375
927 1376
928 1377
929 1378
930 1378
931 1379
932 1380
933 1381
934 1381
935 1382
936 1383
937 1384
938 1384
939 1385
940 1386
941 1387
942 1387
943 1388
944 1389
945 1390
946 1390
947 1391
948 1392
949 1393
950 1393
951 1394
952 1395
953 1395
954 1396
955 1397
956 1398
957 1398
958 1399
959 1400
960 1401
961 1401
962 1402
963 1403
964 1404
965 1404
966 1405
967 1406
968 1407
969 1407
970 1408
971 1409
972 1410
973 1410
974 1411
975 1412
976 1412
977 1413
978 1414
979 1415
980 1415
981 1416
982 1417
983 1418
984 1418
985 1419
986 1420
987 1420
988 1421
989 1422
990 1423
991 1423
992 1424
993 1425
994 1426
995 1426
996 1427
997 1428
998 1428
999 1429
1000 1430
1001 1431
1002 1431
1003 1432
1004 1433
1005 1433
1006 1434
1007 1435
1008 1436
1009 1436
1010 1437
1011 1438
1012 1438
1013 1439
1014 1440
1015 1441
1016 1441
1017 1442
1018 1443
1019 1443
1020 1444
1021 1445
1022 1446
1023 1446
1024 1447
1025 1448
1026 1450
1027 1451
1028 1453
1029 1454
1030 1455
1031 1457
1032 1458
1033 1460
1034 1461
1035 1462
1036 1464
1037 1465
1038 1467
1039 1468
1040 1469
1041 1471
1042 1472
1043 1474
1044 1475
1045 1476
1046 1478
1047 1479
1048 1480
1049 1482
1050 1483
1051 1485
1052 1486
1053 1487
1054 1489
1055 1490
1056 1491
1057 1493
1058 1494
1059 1495
1060 1497
1061 1498
1062 1500
1063 1501
1064 1502
1065 1504
1066 1505
1067 1506
1068 1508
1069 1509
1070 1510
1071 1512
1072 1513
1073 1514
1074 1516
1075 1517
1076 1518
1077 1520
1078 1521
1079 1522
1080 1524
1081 1525
1082 1526
1083 1527
1084 1529
1085 1530
1086 1531
1087 1533
1088 1534
1089 1535
1090 1536
1091 1537
1092 1537
1093 1538
1094 1539
1095 1539
1096 1540
1097 1541
1098 1541
1099 1542
1100 1542
1101 1543
1102 1544
1103 1544
1104 1545
1105 1546
1106 1546
1107 1547
1108 1548
1109 1548
1110 1549
1111 1549
1112 1550
1113 1551
1114 1551
1115 1552
1116 1553
1117 1553
1118 1554
1119 1554
1120 1555
1121 1556
1122 1556
1123 1557
1124 1558
1125 1558
1126 1559
1127 1559
1128 1560
1129 1561
1130 1561
1131 1562
1132 1562
1133 1563
1134 1564
1135 1564
1136 1565
1137 1565
1138 1566
1139 1567
1140 1567
1141 1568
1142 1568
1143 1569
1144 1570
1145 1570
1146 1571
1147 1571
1148 1572
1149 1573
1150 1573
1151 1574
1152 1574
1153 1575
1154 1576
1155 1576
1156 1577
1157 1577
1158 1578
1159 1579
1160 1579
1161 1580
1162 1580
1163 1581
1164 1581
1165 1582
1166 1583
1167 1583
1168 1584
1169 1584
1170 1585
1171 1585
1172 1586
1173 1587
1174 1587
1175 1588
1176 1588
1177 1589
1178 1589
1179 1590
1180 1591
1181 1591
1182 1592
1183 1592
1184 1593
1185 1593
1186 1594
1187 1595
1188 1595
1189 1596
1190 1596
1191 1597
1192 1597
1193 1598
1194 1598
1195 1599
1196 1600
1197 1600
1198 1601
1199 1601
1200 1602
1201 1602
1202 1603
1203 1603
1204 1604
1205 1604
1206 1605
1207 1606
1208 1606
1209 1607
1210 1607
1211 1608
1212 1608
1213 1609
1214 1609
1215 1610
1216 1610
1217 1611
1218 1611
1219 1612
1220 1612
1221 1613
1222 1614
1223 1614
1224 1615
1225 1615
1226 1616
1227 1616
1228 1617
1229 1617
1230 1618
1231 1618
1232 1619
1233 1619
1234 1620
1235 1620
1236 1621
1237 1621
1238 1622
1239 1622
1240 1623
1241 1623
1242 1624
1243 1624
1244 1625
1245 1625
1246 1626
1247 1626
1248 1627
1249 1627
1250 1628
1251 1628
1252 1629
1253 1629
1254 1630
1255 1630
1256 1631
1257 1631
1258 1632
1259 1632
1260 1633
1261 1633
1262 1634
1263 1634
1264 1635
1265 1635
1266 1636
1267 1636
1268 1637
1269 1637
1270 1638
1271 1638
1272 1639
1273 1639
1274 1640
1275 1640
1276 1641
1277 1641
1278 1642
1279 1642
1280 1643
1281 1643
1282 1644
1283 1645
1284 1646
1285 1647
1286 1648
1287 1649
1288 1650
1289 1651
1290 1652
1291 1653
1292 1654
1293 1654
1294 1655
1295 1656
1296 1657
1297 1658
1298 1659
1299 1660
1300 1661
1301 1662
1302 1662
1303 1663
1304 1664
1305 1665
1306 1666
1307 1667
1308 1668
1309 1668
1310 1669
1311 1670
1312 1671
1313 1672
1314 1673
1315 1673
1316 1674
1317 1675
1318 1676
1319 1677
1320 1677
1321 1678
1322 1679
1323 1680
1324 1681
1325 1681
1326 1682
1327 1683
1328 1684
1329 1684
1330 1685
1331 1686
1332 1687
1333 1687
1334 1688
1335 1689
1336 1690
1337 1690
1338 1691
1339 1692
1340 1693
1341 1693
1342 1694
1343 1695
1344 1695
1345 1696
1346 1697
1347 1698
1348 1698
1349 1699
1350 1700
1351 1700
1352 1701
1353 1702
1354 1702
1355 1703
1356 1704
1357 1704
1358 1705
1359 1706
1360 1706
1361 1707
1362 1708
1363 1708
1364 1709
1365 1710
1366 1710
1367 1711
1368 1711
1369 1712
1370 1713
1371 1713
1372 1714
1373 1714
1374 1715
1375 1716
1376 1716
1377 1717
1378 1717
1379 1718
1380 1719
1381 1719
1382 1720
1383 1720
1384 1721
1385 1721
1386 1722
1387 1723
1388 1723
1389 1724
1390 1724
1391 1725
1392 1725
1393 1726
1394 1726
1395 1727
1396 1727
1397 1728
1398 1728
1399 1729
1400 1729
1401 1730
1402 1730
1403 1731
1404 1731
1405 1732
1406 1732
1407 1733
1408 1733
1409 1734
1410 1734
1411 1735
1412 1735
1413 1736
1414 1736
1415 1736
1416 1737
1417 1737
1418 1738
1419 1738
1420 1739
1421 1739
1422 1740
1423 1740
1424 1740
1425 1741
1426 1741
1427 1742
1428 1742
1429 1742
1430 1743
1431 1743
1432 1744
1433 1744
1434 1744
1435 1745
1436 1745
1437 1745
1438 1746
1439 1746
1440 1746
1441 1747
1442 1747
1443 1748
1444 1748
1445 1748
1446 1749
1447 1749
1448 1749
1449 1750
1450 1750
1451 1750
1452 1750
1453 1751
1454 1751
1455 1751
1456 1752
1457 1752
1458 1752
1459 1753
1460 1753
1461 1753
1462 1753
1463 1754
1464 1754
1465 1754
1466 1754
1467 1755
1468 1755
1469 1755
1470 1755
1471 1756
1472 1756
1473 1756
1474 1756
1475 1757
1476 1757
1477 1757
1478 1757
1479 1758
1480 1758
1481 1758
1482 1758
1483 1758
1484 1759
1485 1759
1486 1759
1487 1759
1488 1759
1489 1759
1490 1760
1491 1760
1492 1760
1493 1760
1494 1760
1495 1760
1496 1761
1497 1761
1498 1761
1499 1761
1500 1761
1501 1761
1502 1761
1503 1761
1504 1762
1505 1762
1506 1762
1507 1762
1508 1762
1509 1762
1510 1762
1511 1762
1512 1762
1513 1763
1514 1763
1515 1763
1516 1763
1517 1763
1518 1763
1519 1763
1520 1763
1521 1763
1522 1763
1523 1763
1524 1763
1525 1763
1526 1763
1527 1763
1528 1763
1529 1763
1530 1763
1531 1763
1532 1763
1533 1763
1534 1763
1535 1763
1536 1764
1537 1763
1538 1763
1539 1763
1540 1763
1541 1763
1542 1763
1543 1763
1544 1763
1545 1763
1546 1763
1547 1763
1548 1762
1549 1762
1550 1762
1551 1762
1552 1762
1553 1761
1554 1761
1555 1761
1556 1761
1557 1760
1558 1760
1559 1760
1560 1759
1561 1759
1562 1759
1563 1758
1564 1758
1565 1757
1566 1757
1567 1756
1568 1756
1569 1755
1570 1755
1571 1754
1572 1754
1573 1753
1574 1753
1575 1752
1576 1752
1577 1751
1578 1750
1579 1750
1580 1749
1581 1749
1582 1748
1583 1747
1584 1746
1585 1746
1586 1745
1587 1744
1588 1744
1589 1743
1590 1742
1591 1741
1592 1740
1593 1740
1594 1739
1595 1738
1596 1737
1597 1736
1598 1735
1599 1734
1600 1733
1601 1732
1602 1731
1603 1730
1604 1729
1605 1728
1606 1727
1607 1726
1608 1725
1609 1724
1610 1723
1611 1722
1612 1721
1613 1720
1614 1719
1615 1717
1616 1716
1617 1715
1618 1714
1619 1713
1620 1711
1621 1710
1622 1709
1623 1708
1624 1706
1625 1705
1626 1704
1627 1702
1628 1701
1629 1700
1630 1698
1631 1697
1632 1695
1633 1694
1634 1693
1635 1691
1636 1690
1637 1688
1638 1687
1639 1685
1640 1684
1641 1682
1642 1681
1643 1679
1644 1677
1645 1676
1646 1674
1647 1673
1648 1671
1649 1669
1650 1668
1651 1666
1652 1664
1653 1662
1654 1661
1655 1659
1656 1657
1657 1655
1658 1654
1659 1652
1660 1650
1661 1648
1662 1646
1663 1644
1664 1643
1665 1641
1666 1639
1667 1637
1668 1635
1669 1633
1670 1631
1671 1629
1672 1627
1673 1625
1674 1623
1675 1621
1676 1619
1677 1617
1678 1615
1679 1612
1680 1610
1681 1608
1682 1606
1683 1604
1684 1602
1685 1600
1686 1597
1687 1595
1688 1593
1689 1591
1690 1588
1691 1586
1692 1584
1693 1581
1694 1579
1695 1577
1696 1574
1697 1572
1698 1570
1699 1567
1700 1565
1701 1562
1702 1560
1703 1558
1704 1555
1705 1553
1706 1550
1707 1548
1708 1545
1709 1542
1710 1540
1711 1537
1712 1534
1713 1529
1714 1524
1715 1518
1716 1513
1717 1508
1718 1502
1719 1497
1720 1491
1721 1486
1722 1480
1723 1475
1724 1469
1725 1464
1726 1458
1727 1453
1728 1447
1729 1441
1730 1436
1731 1430
1732 1424
1733 1418
1734 1412
1735 1407
1736 1401
1737 1395
1738 1389
1739 1383
1740 1377
1741 1371
1742 1365
1743 1359
1744 1352
1745 1346
1746 1340
1747 1334
1748 1328
1749 1321
1750 1315
1751 1309
1752 1302
1753 1296
1754 1290
1755 1283
1756 1274
1757 1261
1758 1248
1759 1234
1760 1221
1761 1208
1762 1195
1763 1181
1764 1168
1765 1154
1766 1141
1767 1127
1768 1113
1769 1100
1770 1086
1771 1072
1772 1058
1773 1044
1774 1030
1775 1009
1776 980
1777 952
1778 923
1779 895
1780 866
1781 837
1782 808
1783 779
1784 732
1785 673
1786 614
1787 555
1788 480
1789 360
1790 241
1791 120
1792 0
