0 0
1 3
2 7
3 11
4 15
5 18
6 22
7 26
8 30
9 34
10 37
11 41
12 45
13 49
14 52
15 56
16 60
17 64
18 68
19 71
20 75
21 79
22 83
23 86
24 90
25 94
26 98
27 102
28 105
29 109
30 113
31 117
32 120
33 124
34 128
35 132
36 136
37 139
38 143
39 147
40 151
41 155
42 158
43 162
44 166
45 170
46 173
47 177
48 181
49 185
50 189
51 192
52 196
53 200
54 204
55 207
56 211
57 215
58 219
59 223
60 226
61 230
62 234
63 238
64 241
65 245
66 249
67 253
68 257
69 260
70 264
71 268
72 272
73 276
74 279
75 283
76 287
77 291
78 294
79 298
80 302
81 306
82 310
83 313
84 317
85 321
86 325
87 328
88 332
89 336
90 340
91 344
92 347
93 351
94 355
95 359
96 362
97 366
98 370
99 374
100 378
101 381
102 385
103 389
104 393
105 397
106 400
107 404
108 408
109 412
110 415
111 419
112 423
113 427
114 431
115 434
116 438
117 442
118 446
119 449
120 453
121 457
122 461
123 465
124 468
125 472
126 476
127 480
128 483
129 487
130 491
131 495
132 499
133 502
134 506
135 510
136 514
137 518
138 521
139 525
140 529
141 533
142 536
143 540
144 544
145 548
146 552
147 555
148 559
149 563
150 567
151 570
152 574
153 578
154 582
155 586
156 589
157 593
158 597
159 601
160 604
161 608
162 612
163 616
164 620
165 623
166 627
167 631
168 635
169 639
170 642
171 646
172 650
173 654
174 657
175 661
176 665
177 669
178 673
179 676
180 680
181 684
182 688
183 691
184 695
185 699
186 703
187 707
188 710
189 714
190 718
191 722
192 725
193 729
194 733
195 737
196 741
197 744
198 748
199 752
200 756
201 760
202 763
203 767
204 771
205 775
206 778
207 782
208 786
209 790
210 794
211 797
212 801
213 805
214 809
215 812
216 816
217 820
218 824
219 828
220 831
221 835
222 839
223 843
224 846
225 850
226 854
227 858
228 862
229 865
230 869
231 873
232 877
233 881
234 884
235 888
236 892
237 896
238 899
239 903
240 907
241 911
242 915
243 918
244 922
245 926
246 930
247 933
248 937
249 941
250 945
251 949
252 952
253 956
254 960
255 964
256 967
257 971
258 975
259 979
260 983
261 986
262 990
263 994
264 998
265 1002
266 1005
267 1009
268 1013
269 1017
270 1020
271 1024
272 1026
273 1028
274 1030
275 1031
276 1033
277 1035
278 1037
279 1039
280 1041
281 1043
282 1045
283 1047
284 1048
285 1050
286 1052
287 1054
288 1056
289 1058
290 1060
291 1062
292 1064
293 1065
294 1067
295 1069
296 1071
297 1073
298 1075
299 1077
300 1079
301 1081
302 1082
303 1084
304 1086
305 1088
306 1090
307 1092
308 1094
309 1096
310 1098
311 1099
312 1101
313 1103
314 1105
315 1107
316 1109
317 1111
318 1113
319 1115
320 1116
321 1118
322 1120
323 1122
324 1124
325 1126
326 1128
327 1130
328 1132
329 1133
330 1135
331 1137
332 1139
333 1141
334 1143
335 1145
336 1147
337 1149
338 1151
339 1152
340 1154
341 1156
342 1158
343 1160
344 1162
345 1164
346 1166
347 1168
348 1169
349 1171
350 1173
351 1175
352 1177
353 1179
354 1181
355 1183
356 1185
357 1186
358 1188
359 1190
360 1192
361 1194
362 1196
363 1198
364 1200
365 1202
366 1203
367 1205
368 1207
369 1209
370 1211
371 1213
372 1215
373 1217
374 1219
375 1220
376 1222
377 1224
378 1226
379 1228
380 1230
381 1232
382 1234
383 1236
384 1237
385 1239
386 1241
387 1243
388 1245
389 1247
390 1249
391 1251
392 1253
393 1254
394 1256
395 1258
396 1260
397 1262
398 1264
399 1266
400 1268
401 1270
402 1271
403 1273
404 1275
405 1277
406 1279
407 1281
408 1283
409 1285
410 1287
411 1289
412 1290
413 1292
414 1294
415 1296
416 1298
417 1300
418 1302
419 1304
420 1306
421 1307
422 1309
423 1311
424 1313
425 1315
426 1317
427 1319
428 1321
429 1323
430 1324
431 1326
432 1328
433 1330
434 1332
435 1334
436 1336
437 1338
438 1340
439 1341
440 1343
441 1345
442 1347
443 1349
444 1351
445 1353
446 1355
447 1357
448 1358
449 1360
450 1362
451 1364
452 1366
453 1368
454 1370
455 1372
456 1374
457 1375
458 1377
459 1379
460 1381
461 1383
462 1385
463 1387
464 1389
465 1391
466 1392
467 1394
468 1396
469 1398
470 1400
471 1402
472 1404
473 1406
474 1408
475 1409
476 1411
477 1413
478 1415
479 1417
480 1419
481 1421
482 1423
483 1425
484 1427
485 1428
486 1430
487 1432
488 1434
489 1436
490 1438
491 1440
492 1442
493 1444
494 1445
495 1447
496 1449
497 1451
498 1453
499 1455
500 1457
501 1459
502 1461
503 1462
504 1464
505 1466
506 1468
507 1470
508 1472
509 1474
510 1476
511 1478
512 1479
513 1481
514 1483
515 1485
516 1487
517 1489
518 1491
519 1493
520 1495
521 1496
522 1498
523 1500
524 1502
525 1504
526 1506
527 1508
528 1510
529 1512
530 1513
531 1515
532 1517
533 1519
534 1521
535 1523
536 1525
537 1527
538 1529
539 1530
540 1532
541 1534
542 1536
543 1537
544 1538
545 1539
546 1540
547 1541
548 1541
549 1542
550 1543
551 1544
552 1545
553 1546
554 1547
555 1548
556 1549
557 1550
558 1551
559 1552
560 1553
561 1554
562 1555
563 1556
564 1557
565 1558
566 1559
567 1559
568 1560
569 1561
570 1562
571 1563
572 1564
573 1565
574 1566
575 1567
576 1568
577 1569
578 1570
579 1571
580 1572
581 1573
582 1574
583 1575
584 1576
585 1576
586 1577
587 1578
588 1579
589 1580
590 1581
591 1582
592 1583
593 1584
594 1585
595 1586
596 1587
597 1588
598 1589
599 1590
600 1591
601 1592
602 1593
603 1593
604 1594
605 1595
606 1596
607 1597
608 1598
609 1599
610 1600
611 1601
612 1602
613 1603
614 1604
615 1605
616 1606
617 1607
618 1608
619 1609
620 1610
621 1610
622 1611
623 1612
624 1613
625 1614
626 1615
627 1616
628 1617
629 1618
630 1619
631 1620
632 1621
633 1622
634 1623
635 1624
636 1625
637 1626
638 1627
639 1628
640 1628
641 1629
642 1630
643 1631
644 1632
645 1633
646 1634
647 1635
648 1636
649 1637
650 1638
651 1639
652 1640
653 1641
654 1642
655 1643
656 1644
657 1645
658 1645
659 1646
660 1647
661 1648
662 1649
663 1650
664 1651
665 1652
666 1653
667 1654
668 1655
669 1656
670 1657
671 1658
672 1659
673 1660
674 1661
675 1662
676 1662
677 1663
678 1664
679 1665
680 1666
681 1667
682 1668
683 1669
684 1670
685 1671
686 1672
687 1673
688 1674
689 1675
690 1676
691 1677
692 1678
693 1679
694 1679
695 1680
696 1681
697 1682
698 1683
699 1684
700 1685
701 1686
702 1687
703 1688
704 1689
705 1690
706 1691
707 1692
708 1693
709 1694
710 1695
711 1696
712 1697
713 1697
714 1698
715 1699
716 1700
717 1701
718 1702
719 1703
720 1704
721 1705
722 1706
723 1707
724 1708
725 1709
726 1710
727 1711
728 1712
729 1713
730 1714
731 1714
732 1715
733 1716
734 1717
735 1718
736 1719
737 1720
738 1721
739 1722
740 1723
741 1724
742 1725
743 1726
744 1727
745 1728
746 1729
747 1730
748 1731
749 1731
750 1732
751 1733
752 1734
753 1735
754 1736
755 1737
756 1738
757 1739
758 1740
759 1741
760 1742
761 1743
762 1744
763 1745
764 1746
765 1747
766 1748
767 1748
768 1749
769 1750
770 1751
771 1752
772 1753
773 1754
774 1755
775 1756
776 1757
777 1758
778 1759
779 1760
780 1761
781 1762
782 1763
783 1764
784 1765
785 1766
786 1766
787 1767
788 1768
789 1769
790 1770
791 1771
792 1772
793 1773
794 1774
795 1775
796 1776
797 1777
798 1778
799 1779
800 1780
801 1781
802 1782
803 1783
804 1783
805 1784
806 1785
807 1786
808 1787
809 1788
810 1789
811 1790
812 1791
813 1792
814 1793
815 1794
816 1795
817 1796
818 1797
819 1798
820 1799
821 1800
822 1800
823 1801
824 1802
825 1803
826 1804
827 1805
828 1806
829 1807
830 1808
831 1809
832 1810
833 1811
834 1812
835 1813
836 1814
837 1815
838 1816
839 1817
840 1817
841 1818
842 1819
843 1820
844 1821
845 1822
846 1823
847 1824
848 1825
849 1826
850 1827
851 1828
852 1829
853 1830
854 1831
855 1832
856 1833
857 1834
858 1834
859 1835
860 1836
861 1837
862 1838
863 1839
864 1840
865 1841
866 1842
867 1843
868 1844
869 1845
870 1846
871 1847
872 1848
873 1849
874 1850
875 1851
876 1852
877 1852
878 1853
879 1854
880 1855
881 1856
882 1857
883 1858
884 1859
885 1860
886 1861
887 1862
888 1863
889 1864
890 1865
891 1866
892 1867
893 1868
894 1869
895 1869
896 1870
897 1871
898 1872
899 1873
900 1874
901 1875
902 1876
903 1877
904 1878
905 1879
906 1880
907 1881
908 1882
909 1883
910 1884
911 1885
912 1886
913 1886
914 1887
915 1888
916 1889
917 1890
918 1891
919 1892
920 1893
921 1894
922 1895
923 1896
924 1897
925 1898
926 1899
927 1900
928 1901
929 1902
930 1903
931 1903
932 1904
933 1905
934 1906
935 1907
936 1908
937 1909
938 1910
939 1911
940 1912
941 1913
942 1914
943 1915
944 1916
945 1917
946 1918
947 1919
948 1920
949 1921
950 1921
951 1922
952 1923
953 1924
954 1925
955 1926
956 1927
957 1928
958 1929
959 1930
960 1931
961 1932
962 1933
963 1934
964 1935
965 1936
966 1937
967 1938
968 1938
969 1939
970 1940
971 1941
972 1942
973 1943
974 1944
975 1945
976 1946
977 1947
978 1948
979 1949
980 1950
981 1951
982 1952
983 1953
984 1954
985 1955
986 1955
987 1956
988 1957
989 1958
990 1959
991 1960
992 1961
993 1962
994 1963
995 1964
996 1965
997 1966
998 1967
999 1968
1000 1969
1001 1970
1002 1971
1003 1972
1004 1972
1005 1973
1006 1974
1007 1975
1008 1976
1009 1977
1010 1978
1011 1979
1012 1980
1013 1981
1014 1982
1015 1983
1016 1984
1017 1985
1018 1986
1019 1987
1020 1988
1021 1989
1022 1989
1023 1990
1024 1991
1025 1993
1026 1995
1027 1997
1028 1999
1029 2001
1030 2003
1031 2005
1032 2007
1033 2008
1034 2010
1035 2012
1036 2014
1037 2016
1038 2018
1039 2020
1040 2022
1041 2024
1042 2025
1043 2027
1044 2029
1045 2031
1046 2033
1047 2035
1048 2037
1049 2039
1050 2041
1051 2042
1052 2044
1053 2046
1054 2048
1055 2049
1056 2050
1057 2051
1058 2052
1059 2053
1060 2053
1061 2054
1062 2055
1063 2056
1064 2057
1065 2058
1066 2059
1067 2060
1068 2061
1069 2062
1070 2063
1071 2064
1072 2065
1073 2066
1074 2067
1075 2068
1076 2069
1077 2070
1078 2070
1079 2071
1080 2072
1081 2073
1082 2074
1083 2075
1084 2076
1085 2077
1086 2078
1087 2079
1088 2080
1089 2081
1090 2082
1091 2083
1092 2084
1093 2085
1094 2086
1095 2087
1096 2087
1097 2088
1098 2089
1099 2090
1100 2091
1101 2092
1102 2093
1103 2094
1104 2095
1105 2096
1106 2097
1107 2098
1108 2099
1109 2100
1110 2101
1111 2102
1112 2103
1113 2104
1114 2104
1115 2105
1116 2106
1117 2107
1118 2108
1119 2109
1120 2110
1121 2111
1122 2112
1123 2113
1124 2114
1125 2115
1126 2116
1127 2117
1128 2118
1129 2119
1130 2120
1131 2121
1132 2122
1133 2122
1134 2123
1135 2124
1136 2125
1137 2126
1138 2127
1139 2128
1140 2129
1141 2130
1142 2131
1143 2132
1144 2133
1145 2134
1146 2135
1147 2136
1148 2137
1149 2138
1150 2139
1151 2139
1152 2140
1153 2141
1154 2142
1155 2143
1156 2144
1157 2145
1158 2146
1159 2147
1160 2148
1161 2149
1162 2150
1163 2151
1164 2152
1165 2153
1166 2154
1167 2155
1168 2156
1169 2156
1170 2157
1171 2158
1172 2159
1173 2160
1174 2161
1175 2162
1176 2163
1177 2164
1178 2165
1179 2166
1180 2167
1181 2168
1182 2169
1183 2170
1184 2171
1185 2172
1186 2173
1187 2173
1188 2174
1189 2175
1190 2176
1191 2177
1192 2178
1193 2179
1194 2180
1195 2181
1196 2182
1197 2183
1198 2184
1199 2185
1200 2186
1201 2187
1202 2188
1203 2189
1204 2190
1205 2190
1206 2191
1207 2192
1208 2193
1209 2194
1210 2195
1211 2196
1212 2197
1213 2198
1214 2199
1215 2200
1216 2201
1217 2202
1218 2203
1219 2204
1220 2205
1221 2206
1222 2207
1223 2208
1224 2208
1225 2209
1226 2210
1227 2211
1228 2212
1229 2213
1230 2214
1231 2215
1232 2216
1233 2217
1234 2218
1235 2219
1236 2220
1237 2221
1238 2222
1239 2223
1240 2224
1241 2225
1242 2225
1243 2226
1244 2227
1245 2228
1246 2229
1247 2230
1248 2231
1249 2232
1250 2233
1251 2234
1252 2235
1253 2236
1254 2237
1255 2238
1256 2239
1257 2240
1258 2241
1259 2242
1260 2242
1261 2243
1262 2244
1263 2245
1264 2246
1265 2247
1266 2248
1267 2249
1268 2250
1269 2251
1270 2252
1271 2253
1272 2254
1273 2255
1274 2256
1275 2257
1276 2258
1277 2259
1278 2259
1279 2260
1280 2261
1281 2262
1282 2263
1283 2264
1284 2265
1285 2266
1286 2267
1287 2268
1288 2269
1289 2270
1290 2271
1291 2272
1292 2273
1293 2274
1294 2275
1295 2276
1296 2276
1297 2277
1298 2278
1299 2279
1300 2280
1301 2281
1302 2282
1303 2283
1304 2284
1305 2285
1306 2286
1307 2287
1308 2288
1309 2289
1310 2290
1311 2291
1312 2292
1313 2293
1314 2293
1315 2294
1316 2295
1317 2296
1318 2297
1319 2298
1320 2299
1321 2300
1322 2301
1323 2302
1324 2303
1325 2304
1326 2305
1327 2306
1328 2307
1329 2308
1330 2309
1331 2310
1332 2311
1333 2311
1334 2312
1335 2313
1336 2314
1337 2315
1338 2316
1339 2317
1340 2318
1341 2319
1342 2320
1343 2321
1344 2322
1345 2323
1346 2324
1347 2325
1348 2326
1349 2327
1350 2328
1351 2328
1352 2329
1353 2330
1354 2331
1355 2332
1356 2333
1357 2334
1358 2335
1359 2336
1360 2337
1361 2338
1362 2339
1363 2340
1364 2341
1365 2342
1366 2343
1367 2344
1368 2345
1369 2345
1370 2346
1371 2347
1372 2348
1373 2349
1374 2350
1375 2351
1376 2352
1377 2353
1378 2354
1379 2355
1380 2356
1381 2357
1382 2358
1383 2359
1384 2360
1385 2361
1386 2362
1387 2362
1388 2363
1389 2364
1390 2365
1391 2366
1392 2367
1393 2368
1394 2369
1395 2370
1396 2371
1397 2372
1398 2373
1399 2374
1400 2375
1401 2376
1402 2377
1403 2378
1404 2379
1405 2379
1406 2380
1407 2381
1408 2382
1409 2383
1410 2384
1411 2385
1412 2386
1413 2387
1414 2388
1415 2389
1416 2390
1417 2391
1418 2392
1419 2393
1420 2394
1421 2395
1422 2396
1423 2396
1424 2397
1425 2398
1426 2399
1427 2400
1428 2401
1429 2402
1430 2403
1431 2404
1432 2405
1433 2406
1434 2407
1435 2408
1436 2409
1437 2410
1438 2411
1439 2412
1440 2413
1441 2414
1442 2414
1443 2415
1444 2416
1445 2417
1446 2418
1447 2419
1448 2420
1449 2421
1450 2422
1451 2423
1452 2424
1453 2425
1454 2426
1455 2427
1456 2428
1457 2429
1458 2430
1459 2431
1460 2431
1461 2432
1462 2433
1463 2434
1464 2435
1465 2436
1466 2437
1467 2438
1468 2439
1469 2440
1470 2441
1471 2442
1472 2443
1473 2444
1474 2445
1475 2446
1476 2447
1477 2448
1478 2448
1479 2449
1480 2450
1481 2451
1482 2452
1483 2453
1484 2454
1485 2455
1486 2456
1487 2457
1488 2458
1489 2459
1490 2460
1491 2461
1492 2462
1493 2463
1494 2464
1495 2465
1496 2465
1497 2466
1498 2467
1499 2468
1500 2469
1501 2470
1502 2471
1503 2472
1504 2473
1505 2474
1506 2475
1507 2476
1508 2477
1509 2478
1510 2479
1511 2480
1512 2481
1513 2482
1514 2482
1515 2483
1516 2484
1517 2485
1518 2486
1519 2487
1520 2488
1521 2489
1522 2490
1523 2491
1524 2492
1525 2493
1526 2494
1527 2495
1528 2496
1529 2497
1530 2498
1531 2499
1532 2499
1533 2500
1534 2501
1535 2502
1536 2503
1537 2505
1538 2507
1539 2509
1540 2511
1541 2513
1542 2515
1543 2516
1544 2518
1545 2520
1546 2522
1547 2524
1548 2526
1549 2528
1550 2530
1551 2532
1552 2533
1553 2535
1554 2537
1555 2539
1556 2541
1557 2543
1558 2545
1559 2547
1560 2549
1561 2551
1562 2552
1563 2554
1564 2556
1565 2558
1566 2560
1567 2561
1568 2562
1569 2563
1570 2564
1571 2564
1572 2565
1573 2566
1574 2567
1575 2568
1576 2569
1577 2570
1578 2571
1579 2572
1580 2573
1581 2574
1582 2575
1583 2576
1584 2577
1585 2578
1586 2579
1587 2580
1588 2581
1589 2581
1590 2582
1591 2583
1592 2584
1593 2585
1594 2586
1595 2587
1596 2588
1597 2589
1598 2590
1599 2591
1600 2592
1601 2593
1602 2594
1603 2595
1604 2596
1605 2597
1606 2598
1607 2598
1608 2599
1609 2600
1610 2601
1611 2602
1612 2603
1613 2604
1614 2605
1615 2606
1616 2607
1617 2608
1618 2609
1619 2610
1620 2611
1621 2612
1622 2613
1623 2614
1624 2615
1625 2615
1626 2616
1627 2617
1628 2618
1629 2619
1630 2620
1631 2621
1632 2622
1633 2623
1634 2624
1635 2625
1636 2626
1637 2627
1638 2628
1639 2629
1640 2630
1641 2631
1642 2632
1643 2632
1644 2633
1645 2634
1646 2635
1647 2636
1648 2637
1649 2638
1650 2639
1651 2640
1652 2641
1653 2642
1654 2643
1655 2644
1656 2645
1657 2646
1658 2647
1659 2648
1660 2649
1661 2649
1662 2650
1663 2651
1664 2652
1665 2653
1666 2654
1667 2655
1668 2656
1669 2657
1670 2658
1671 2659
1672 2660
1673 2661
1674 2662
1675 2663
1676 2664
1677 2665
1678 2666
1679 2666
1680 2667
1681 2668
1682 2669
1683 2670
1684 2671
1685 2672
1686 2673
1687 2674
1688 2675
1689 2676
1690 2677
1691 2678
1692 2679
1693 2680
1694 2681
1695 2682
1696 2683
1697 2683
1698 2684
1699 2685
1700 2686
1701 2687
1702 2688
1703 2689
1704 2690
1705 2691
1706 2692
1707 2693
1708 2694
1709 2695
1710 2696
1711 2697
1712 2698
1713 2699
1714 2700
1715 2700
1716 2701
1717 2702
1718 2703
1719 2704
1720 2705
1721 2706
1722 2707
1723 2708
1724 2709
1725 2710
1726 2711
1727 2712
1728 2713
1729 2714
1730 2715
1731 2716
1732 2717
1733 2718
1734 2718
1735 2719
1736 2720
1737 2721
1738 2722
1739 2723
1740 2724
1741 2725
1742 2726
1743 2727
1744 2728
1745 2729
1746 2730
1747 2731
1748 2732
1749 2733
1750 2734
1751 2735
1752 2735
1753 2736
1754 2737
1755 2738
1756 2739
1757 2740
1758 2741
1759 2742
1760 2743
1761 2744
1762 2745
1763 2746
1764 2747
1765 2748
1766 2749
1767 2750
1768 2751
1769 2752
1770 2752
1771 2753
1772 2754
1773 2755
1774 2756
1775 2757
1776 2758
1777 2759
1778 2760
1779 2761
1780 2762
1781 2763
1782 2764
1783 2765
1784 2766
1785 2767
1786 2768
1787 2769
1788 2769
1789 2770
1790 2771
1791 2772
1792 2773
1793 2774
1794 2775
1795 2776
1796 2777
1797 2778
1798 2779
1799 2780
1800 2781
1801 2782
1802 2783
1803 2784
1804 2785
1805 2786
1806 2786
1807 2787
1808 2788
1809 2789
1810 2790
1811 2791
1812 2792
1813 2793
1814 2794
1815 2795
1816 2796
1817 2797
1818 2798
1819 2799
1820 2800
1821 2801
1822 2802
1823 2803
1824 2803
1825 2804
1826 2805
1827 2806
1828 2807
1829 2808
1830 2809
1831 2810
1832 2811
1833 2812
1834 2813
1835 2814
1836 2815
1837 2816
1838 2817
1839 2818
1840 2819
1841 2820
1842 2820
1843 2821
1844 2822
1845 2823
1846 2824
1847 2825
1848 2826
1849 2827
1850 2828
1851 2829
1852 2830
1853 2831
1854 2832
1855 2833
1856 2834
1857 2835
1858 2836
1859 2837
1860 2837
1861 2838
1862 2839
1863 2840
1864 2841
1865 2842
1866 2843
1867 2844
1868 2845
1869 2846
1870 2847
1871 2848
1872 2849
1873 2850
1874 2851
1875 2852
1876 2853
1877 2854
1878 2854
1879 2855
1880 2856
1881 2857
1882 2858
1883 2859
1884 2860
1885 2861
1886 2862
1887 2863
1888 2864
1889 2865
1890 2866
1891 2867
1892 2868
1893 2869
1894 2870
1895 2871
1896 2871
1897 2872
1898 2873
1899 2874
1900 2875
1901 2876
1902 2877
1903 2878
1904 2879
1905 2880
1906 2881
1907 2882
1908 2883
1909 2884
1910 2885
1911 2886
1912 2887
1913 2888
1914 2888
1915 2889
1916 2890
1917 2891
1918 2892
1919 2893
1920 2894
1921 2895
1922 2896
1923 2897
1924 2898
1925 2899
1926 2900
1927 2901
1928 2902
1929 2903
1930 2904
1931 2905
1932 2905
1933 2906
1934 2907
1935 2908
1936 2909
1937 2910
1938 2911
1939 2912
1940 2913
1941 2914
1942 2915
1943 2916
1944 2917
1945 2918
1946 2919
1947 2920
1948 2921
1949 2922
1950 2922
1951 2923
1952 2924
1953 2925
1954 2926
1955 2927
1956 2928
1957 2929
1958 2930
1959 2931
1960 2932
1961 2933
1962 2934
1963 2935
1964 2936
1965 2937
1966 2938
1967 2939
1968 2939
1969 2940
1970 2941
1971 2942
1972 2943
1973 2944
1974 2945
1975 2946
1976 2947
1977 2948
1978 2949
1979 2950
1980 2951
1981 2952
1982 2953
1983 2954
1984 2955
1985 2956
1986 2956
1987 2957
1988 2958
1989 2959
1990 2960
1991 2961
1992 2962
1993 2963
1994 2964
1995 2965
1996 2966
1997 2967
1998 2968
1999 2969
2000 2970
2001 2971
2002 2972
2003 2973
2004 2973
2005 2974
2006 2975
2007 2976
2008 2977
2009 2978
2010 2979
2011 2980
2012 2981
2013 2982
2014 2983
2015 2984
2016 2985
2017 2986
2018 2987
2019 2988
2020 2989
2021 2990
2022 2990
2023 2991
2024 2992
2025 2993
2026 2994
2027 2995
2028 2996
2029 2997
2030 2998
2031 2999
2032 3000
2033 3001
2034 3002
2035 3003
2036 3004
2037 3005
2038 3006
2039 3007
2040 3007
2041 3008
2042 3009
2043 3010
2044 3011
2045 3012
2046 3013
2047 3014
2048 3015
2049 3017
2050 3019
2051 3021
2052 3023
2053 3024
2054 3026
2055 3028
2056 3030
2057 3032
2058 3034
2059 3036
2060 3038
2061 3040
2062 3041
2063 3043
2064 3045
2065 3047
2066 3049
2067 3051
2068 3053
2069 3055
2070 3057
2071 3058
2072 3060
2073 3062
2074 3064
2075 3066
2076 3068
2077 3070
2078 3072
2079 3073
2080 3073
2081 3074
2082 3075
2083 3076
2084 3077
2085 3078
2086 3079
2087 3080
2088 3081
2089 3082
2090 3083
2091 3084
2092 3085
2093 3086
2094 3087
2095 3088
2096 3089
2097 3090
2098 3090
2099 3091
2100 3092
2101 3093
2102 3094
2103 3095
2104 3096
2105 3097
2106 3098
2107 3099
2108 3100
2109 3101
2110 3102
2111 3103
2112 3104
2113 3105
2114 3106
2115 3107
2116 3107
2117 3108
2118 3109
2119 3110
2120 3111
2121 3112
2122 3113
2123 3114
2124 3115
2125 3116
2126 3117
2127 3118
2128 3119
2129 3120
2130 3121
2131 3122
2132 3123
2133 3124
2134 3124
2135 3125
2136 3126
2137 3127
2138 3128
2139 3129
2140 3130
2141 3131
2142 3132
2143 3133
2144 3134
2145 3135
2146 3136
2147 3137
2148 3138
2149 3139
2150 3140
2151 3141
2152 3141
2153 3142
2154 3143
2155 3144
2156 3145
2157 3146
2158 3147
2159 3148
2160 3149
2161 3150
2162 3151
2163 3152
2164 3153
2165 3154
2166 3155
2167 3156
2168 3157
2169 3158
2170 3158
2171 3159
2172 3160
2173 3161
2174 3162
2175 3163
2176 3164
2177 3165
2178 3166
2179 3167
2180 3168
2181 3169
2182 3170
2183 3171
2184 3172
2185 3173
2186 3174
2187 3175
2188 3175
2189 3176
2190 3177
2191 3178
2192 3179
2193 3180
2194 3181
2195 3182
2196 3183
2197 3184
2198 3185
2199 3186
2200 3187
2201 3188
2202 3189
2203 3190
2204 3191
2205 3192
2206 3192
2207 3193
2208 3194
2209 3195
2210 3196
2211 3197
2212 3198
2213 3199
2214 3200
2215 3201
2216 3202
2217 3203
2218 3204
2219 3205
2220 3206
2221 3207
2222 3208
2223 3209
2224 3209
2225 3210
2226 3211
2227 3212
2228 3213
2229 3214
2230 3215
2231 3216
2232 3217
2233 3218
2234 3219
2235 3220
2236 3221
2237 3222
2238 3223
2239 3224
2240 3225
2241 3225
2242 3226
2243 3227
2244 3228
2245 3229
2246 3230
2247 3231
2248 3232
2249 3233
2250 3234
2251 3235
2252 3236
2253 3237
2254 3238
2255 3239
2256 3240
2257 3241
2258 3242
2259 3242
2260 3243
2261 3244
2262 3245
2263 3246
2264 3247
2265 3248
2266 3249
2267 3250
2268 3251
2269 3252
2270 3253
2271 3254
2272 3255
2273 3256
2274 3257
2275 3258
2276 3259
2277 3259
2278 3260
2279 3261
2280 3262
2281 3263
2282 3264
2283 3265
2284 3266
2285 3267
2286 3268
2287 3269
2288 3270
2289 3271
2290 3272
2291 3273
2292 3274
2293 3275
2294 3276
2295 3276
2296 3277
2297 3278
2298 3279
2299 3280
2300 3281
2301 3282
2302 3283
2303 3284
2304 3285
2305 3286
2306 3287
2307 3288
2308 3289
2309 3290
2310 3291
2311 3292
2312 3293
2313 3293
2314 3294
2315 3295
2316 3296
2317 3297
2318 3298
2319 3299
2320 3300
2321 3301
2322 3302
2323 3303
2324 3304
2325 3305
2326 3306
2327 3307
2328 3308
2329 3309
2330 3310
2331 3310
2332 3311
2333 3312
2334 3313
2335 3314
2336 3315
2337 3316
2338 3317
2339 3318
2340 3319
2341 3320
2342 3321
2343 3322
2344 3323
2345 3324
2346 3325
2347 3326
2348 3327
2349 3327
2350 3328
2351 3329
2352 3330
2353 3331
2354 3332
2355 3333
2356 3334
2357 3335
2358 3336
2359 3337
2360 3338
2361 3339
2362 3340
2363 3341
2364 3342
2365 3343
2366 3343
2367 3344
2368 3345
2369 3346
2370 3347
2371 3348
2372 3349
2373 3350
2374 3351
2375 3352
2376 3353
2377 3354
2378 3355
2379 3356
2380 3357
2381 3358
2382 3359
2383 3360
2384 3360
2385 3361
2386 3362
2387 3363
2388 3364
2389 3365
2390 3366
2391 3367
2392 3368
2393 3369
2394 3370
2395 3371
2396 3372
2397 3373
2398 3374
2399 3375
2400 3376
2401 3377
2402 3377
2403 3378
2404 3379
2405 3380
2406 3381
2407 3382
2408 3383
2409 3384
2410 3385
2411 3386
2412 3387
2413 3388
2414 3389
2415 3390
2416 3391
2417 3392
2418 3393
2419 3394
2420 3394
2421 3395
2422 3396
2423 3397
2424 3398
2425 3399
2426 3400
2427 3401
2428 3402
2429 3403
2430 3404
2431 3405
2432 3406
2433 3407
2434 3408
2435 3409
2436 3410
2437 3410
2438 3411
2439 3412
2440 3413
2441 3414
2442 3415
2443 3416
2444 3417
2445 3418
2446 3419
2447 3420
2448 3421
2449 3422
2450 3423
2451 3424
2452 3425
2453 3426
2454 3427
2455 3427
2456 3428
2457 3429
2458 3430
2459 3431
2460 3432
2461 3433
2462 3434
2463 3435
2464 3436
2465 3437
2466 3438
2467 3439
2468 3440
2469 3441
2470 3442
2471 3443
2472 3444
2473 3444
2474 3445
2475 3446
2476 3447
2477 3448
2478 3449
2479 3450
2480 3451
2481 3452
2482 3453
2483 3454
2484 3455
2485 3456
2486 3457
2487 3458
2488 3459
2489 3460
2490 3461
2491 3461
2492 3462
2493 3463
2494 3464
2495 3465
2496 3466
2497 3467
2498 3468
2499 3469
2500 3470
2501 3471
2502 3472
2503 3473
2504 3474
2505 3475
2506 3476
2507 3477
2508 3477
2509 3478
2510 3479
2511 3480
2512 3481
2513 3482
2514 3483
2515 3484
2516 3485
2517 3486
2518 3487
2519 3488
2520 3489
2521 3490
2522 3491
2523 3492
2524 3493
2525 3494
2526 3494
2527 3495
2528 3496
2529 3497
2530 3498
2531 3499
2532 3500
2533 3501
2534 3502
2535 3503
2536 3504
2537 3505
2538 3506
2539 3507
2540 3508
2541 3509
2542 3510
2543 3511
2544 3511
2545 3512
2546 3513
2547 3514
2548 3515
2549 3516
2550 3517
2551 3518
2552 3519
2553 3520
2554 3521
2555 3522
2556 3523
2557 3524
2558 3525
2559 3526
2560 3527
2561 3528
2562 3530
2563 3532
2564 3534
2565 3536
2566 3538
2567 3540
2568 3542
2569 3544
2570 3545
2571 3547
2572 3549
2573 3551
2574 3553
2575 3555
2576 3557
2577 3559
2578 3561
2579 3562
2580 3564
2581 3566
2582 3568
2583 3570
2584 3572
2585 3574
2586 3576
2587 3578
2588 3579
2589 3581
2590 3583
2591 3584
2592 3585
2593 3586
2594 3587
2595 3588
2596 3589
2597 3590
2598 3591
2599 3592
2600 3593
2601 3594
2602 3595
2603 3596
2604 3597
2605 3597
2606 3598
2607 3599
2608 3600
2609 3601
2610 3602
2611 3603
2612 3604
2613 3605
2614 3606
2615 3607
2616 3608
2617 3609
2618 3610
2619 3611
2620 3612
2621 3613
2622 3614
2623 3614
2624 3615
2625 3616
2626 3617
2627 3618
2628 3619
2629 3620
2630 3621
2631 3622
2632 3623
2633 3624
2634 3625
2635 3626
2636 3627
2637 3628
2638 3629
2639 3630
2640 3630
2641 3631
2642 3632
2643 3633
2644 3634
2645 3635
2646 3636
2647 3637
2648 3638
2649 3639
2650 3640
2651 3641
2652 3642
2653 3643
2654 3644
2655 3645
2656 3646
2657 3647
2658 3647
2659 3648
2660 3649
2661 3650
2662 3651
2663 3652
2664 3653
2665 3654
2666 3655
2667 3656
2668 3657
2669 3658
2670 3659
2671 3660
2672 3661
2673 3662
2674 3663
2675 3664
2676 3664
2677 3665
2678 3666
2679 3667
2680 3668
2681 3669
2682 3670
2683 3671
2684 3672
2685 3673
2686 3674
2687 3675
2688 3676
2689 3677
2690 3678
2691 3679
2692 3680
2693 3680
2694 3681
2695 3682
2696 3683
2697 3684
2698 3685
2699 3686
2700 3687
2701 3688
2702 3689
2703 3690
2704 3691
2705 3692
2706 3693
2707 3694
2708 3695
2709 3696
2710 3697
2711 3697
2712 3698
2713 3699
2714 3700
2715 3701
2716 3702
2717 3703
2718 3704
2719 3705
2720 3706
2721 3707
2722 3708
2723 3709
2724 3710
2725 3711
2726 3712
2727 3713
2728 3713
2729 3714
2730 3715
2731 3716
2732 3717
2733 3718
2734 3719
2735 3720
2736 3721
2737 3722
2738 3723
2739 3724
2740 3725
2741 3726
2742 3727
2743 3728
2744 3729
2745 3730
2746 3730
2747 3731
2748 3732
2749 3733
2750 3734
2751 3735
2752 3736
2753 3737
2754 3738
2755 3739
2756 3740
2757 3741
2758 3742
2759 3743
2760 3744
2761 3745
2762 3746
2763 3746
2764 3747
2765 3748
2766 3749
2767 3750
2768 3751
2769 3752
2770 3753
2771 3754
2772 3755
2773 3756
2774 3757
2775 3758
2776 3759
2777 3760
2778 3761
2779 3762
2780 3763
2781 3763
2782 3764
2783 3765
2784 3766
2785 3767
2786 3768
2787 3769
2788 3770
2789 3771
2790 3772
2791 3773
2792 3774
2793 3775
2794 3776
2795 3777
2796 3778
2797 3779
2798 3779
2799 3780
2800 3781
2801 3782
2802 3783
2803 3784
2804 3785
2805 3786
2806 3787
2807 3788
2808 3789
2809 3790
2810 3791
2811 3792
2812 3793
2813 3794
2814 3795
2815 3795
2816 3796
2817 3797
2818 3798
2819 3799
2820 3800
2821 3801
2822 3802
2823 3803
2824 3804
2825 3805
2826 3806
2827 3807
2828 3808
2829 3809
2830 3810
2831 3811
2832 3812
2833 3812
2834 3813
2835 3814
2836 3815
2837 3816
2838 3817
2839 3818
2840 3819
2841 3820
2842 3821
2843 3822
2844 3823
2845 3824
2846 3825
2847 3826
2848 3827
2849 3828
2850 3828
2851 3829
2852 3830
2853 3831
2854 3832
2855 3833
2856 3834
2857 3835
2858 3836
2859 3837
2860 3838
2861 3839
2862 3840
2863 3841
2864 3842
2865 3843
2866 3844
2867 3845
2868 3845
2869 3846
2870 3847
2871 3848
2872 3849
2873 3850
2874 3851
2875 3852
2876 3853
2877 3854
2878 3855
2879 3856
2880 3857
2881 3858
2882 3859
2883 3860
2884 3861
2885 3861
2886 3862
2887 3863
2888 3864
2889 3865
2890 3866
2891 3867
2892 3868
2893 3869
2894 3870
2895 3871
2896 3872
2897 3873
2898 3874
2899 3875
2900 3876
2901 3877
2902 3877
2903 3878
2904 3879
2905 3880
2906 3881
2907 3882
2908 3883
2909 3884
2910 3885
2911 3886
2912 3887
2913 3888
2914 3889
2915 3890
2916 3891
2917 3892
2918 3893
2919 3894
2920 3894
2921 3895
2922 3896
2923 3897
2924 3898
2925 3899
2926 3900
2927 3901
2928 3902
2929 3903
2930 3904
2931 3905
2932 3906
2933 3907
2934 3908
2935 3909
2936 3910
2937 3910
2938 3911
2939 3912
2940 3913
2941 3914
2942 3915
2943 3916
2944 3917
2945 3918
2946 3919
2947 3920
2948 3921
2949 3922
2950 3923
2951 3924
2952 3925
2953 3926
2954 3926
2955 3927
2956 3928
2957 3929
2958 3930
2959 3931
2960 3932
2961 3933
2962 3934
2963 3935
2964 3936
2965 3937
2966 3938
2967 3939
2968 3940
2969 3941
2970 3942
2971 3942
2972 3943
2973 3944
2974 3945
2975 3946
2976 3947
2977 3948
2978 3949
2979 3950
2980 3951
2981 3952
2982 3953
2983 3954
2984 3955
2985 3956
2986 3957
2987 3958
2988 3959
2989 3959
2990 3960
2991 3961
2992 3962
2993 3963
2994 3964
2995 3965
2996 3966
2997 3967
2998 3968
2999 3969
3000 3970
3001 3971
3002 3972
3003 3973
3004 3974
3005 3975
3006 3975
3007 3976
3008 3977
3009 3978
3010 3979
3011 3980
3012 3981
3013 3982
3014 3983
3015 3984
3016 3985
3017 3986
3018 3987
3019 3988
3020 3989
3021 3990
3022 3991
3023 3991
3024 3992
3025 3993
3026 3994
3027 3995
3028 3996
3029 3997
3030 3998
3031 3999
3032 4000
3033 4001
3034 4002
3035 4003
3036 4004
3037 4005
3038 4006
3039 4007
3040 4007
3041 4008
3042 4009
3043 4010
3044 4011
3045 4012
3046 4013
3047 4014
3048 4015
3049 4016
3050 4017
3051 4018
3052 4019
3053 4020
3054 4021
3055 4022
3056 4023
3057 4023
3058 4024
3059 4025
3060 4026
3061 4027
3062 4028
3063 4029
3064 4030
3065 4031
3066 4032
3067 4033
3068 4034
3069 4035
3070 4036
3071 4037
3072 4038
3073 4039
3074 4041
3075 4043
3076 4045
3077 4047
3078 4049
3079 4051
3080 4053
3081 4055
3082 4056
3083 4058
3084 4060
3085 4062
3086 4064
3087 4066
3088 4068
3089 4070
3090 4072
3091 4073
3092 4075
3093 4077
3094 4079
3095 4081
3096 4083
3097 4085
3098 4087
3099 4088
3100 4090
3101 4092
3102 4094
3103 4096
3104 4097
3105 4098
3106 4099
3107 4100
3108 4100
3109 4101
3110 4102
3111 4103
3112 4104
3113 4105
3114 4106
3115 4107
3116 4108
3117 4109
3118 4110
3119 4111
3120 4112
3121 4113
3122 4114
3123 4115
3124 4116
3125 4116
3126 4117
3127 4118
3128 4119
3129 4120
3130 4121
3131 4122
3132 4123
3133 4124
3134 4125
3135 4126
3136 4127
3137 4128
3138 4129
3139 4130
3140 4131
3141 4132
3142 4132
3143 4133
3144 4134
3145 4135
3146 4136
3147 4137
3148 4138
3149 4139
3150 4140
3151 4141
3152 4142
3153 4143
3154 4144
3155 4145
3156 4146
3157 4147
3158 4148
3159 4148
3160 4149
3161 4150
3162 4151
3163 4152
3164 4153
3165 4154
3166 4155
3167 4156
3168 4157
3169 4158
3170 4159
3171 4160
3172 4161
3173 4162
3174 4163
3175 4164
3176 4164
3177 4165
3178 4166
3179 4167
3180 4168
3181 4169
3182 4170
3183 4171
3184 4172
3185 4173
3186 4174
3187 4175
3188 4176
3189 4177
3190 4178
3191 4179
3192 4179
3193 4180
3194 4181
3195 4182
3196 4183
3197 4184
3198 4185
3199 4186
3200 4187
3201 4188
3202 4189
3203 4190
3204 4191
3205 4192
3206 4193
3207 4194
3208 4195
3209 4195
3210 4196
3211 4197
3212 4198
3213 4199
3214 4200
3215 4201
3216 4202
3217 4203
3218 4204
3219 4205
3220 4206
3221 4207
3222 4208
3223 4209
3224 4210
3225 4211
3226 4211
3227 4212
3228 4213
3229 4214
3230 4215
3231 4216
3232 4217
3233 4218
3234 4219
3235 4220
3236 4221
3237 4222
3238 4223
3239 4224
3240 4225
3241 4226
3242 4227
3243 4227
3244 4228
3245 4229
3246 4230
3247 4231
3248 4232
3249 4233
3250 4234
3251 4235
3252 4236
3253 4237
3254 4238
3255 4239
3256 4240
3257 4241
3258 4242
3259 4243
3260 4243
3261 4244
3262 4245
3263 4246
3264 4247
3265 4248
3266 4249
3267 4250
3268 4251
3269 4252
3270 4253
3271 4254
3272 4255
3273 4256
3274 4257
3275 4258
3276 4258
3277 4259
3278 4260
3279 4261
3280 4262
3281 4263
3282 4264
3283 4265
3284 4266
3285 4267
3286 4268
3287 4269
3288 4270
3289 4271
3290 4272
3291 4273
3292 4274
3293 4274
3294 4275
3295 4276
3296 4277
3297 4278
3298 4279
3299 4280
3300 4281
3301 4282
3302 4283
3303 4284
3304 4285
3305 4286
3306 4287
3307 4288
3308 4289
3309 4290
3310 4290
3311 4291
3312 4292
3313 4293
3314 4294
3315 4295
3316 4296
3317 4297
3318 4298
3319 4299
3320 4300
3321 4301
3322 4302
3323 4303
3324 4304
3325 4305
3326 4305
3327 4306
3328 4307
3329 4308
3330 4309
3331 4310
3332 4311
3333 4312
3334 4313
3335 4314
3336 4315
3337 4316
3338 4317
3339 4318
3340 4319
3341 4320
3342 4321
3343 4321
3344 4322
3345 4323
3346 4324
3347 4325
3348 4326
3349 4327
3350 4328
3351 4329
3352 4330
3353 4331
3354 4332
3355 4333
3356 4334
3357 4335
3358 4336
3359 4337
3360 4337
3361 4338
3362 4339
3363 4340
3364 4341
3365 4342
3366 4343
3367 4344
3368 4345
3369 4346
3370 4347
3371 4348
3372 4349
3373 4350
3374 4351
3375 4352
3376 4352
3377 4353
3378 4354
3379 4355
3380 4356
3381 4357
3382 4358
3383 4359
3384 4360
3385 4361
3386 4362
3387 4363
3388 4364
3389 4365
3390 4366
3391 4367
3392 4368
3393 4368
3394 4369
3395 4370
3396 4371
3397 4372
3398 4373
3399 4374
3400 4375
3401 4376
3402 4377
3403 4378
3404 4379
3405 4380
3406 4381
3407 4382
3408 4383
3409 4383
3410 4384
3411 4385
3412 4386
3413 4387
3414 4388
3415 4389
3416 4390
3417 4391
3418 4392
3419 4393
3420 4394
3421 4395
3422 4396
3423 4397
3424 4398
3425 4398
3426 4399
3427 4400
3428 4401
3429 4402
3430 4403
3431 4404
3432 4405
3433 4406
3434 4407
3435 4408
3436 4409
3437 4410
3438 4411
3439 4412
3440 4413
3441 4414
3442 4414
3443 4415
3444 4416
3445 4417
3446 4418
3447 4419
3448 4420
3449 4421
3450 4422
3451 4423
3452 4424
3453 4425
3454 4426
3455 4427
3456 4428
3457 4429
3458 4429
3459 4430
3460 4431
3461 4432
3462 4433
3463 4434
3464 4435
3465 4436
3466 4437
3467 4438
3468 4439
3469 4440
3470 4441
3471 4442
3472 4443
3473 4444
3474 4445
3475 4445
3476 4446
3477 4447
3478 4448
3479 4449
3480 4450
3481 4451
3482 4452
3483 4453
3484 4454
3485 4455
3486 4456
3487 4457
3488 4458
3489 4459
3490 4460
3491 4460
3492 4461
3493 4462
3494 4463
3495 4464
3496 4465
3497 4466
3498 4467
3499 4468
3500 4469
3501 4470
3502 4471
3503 4472
3504 4473
3505 4474
3506 4475
3507 4475
3508 4476
3509 4477
3510 4478
3511 4479
3512 4480
3513 4481
3514 4482
3515 4483
3516 4484
3517 4485
3518 4486
3519 4487
3520 4488
3521 4489
3522 4490
3523 4490
3524 4491
3525 4492
3526 4493
3527 4494
3528 4495
3529 4496
3530 4497
3531 4498
3532 4499
3533 4500
3534 4501
3535 4502
3536 4503
3537 4504
3538 4505
3539 4506
3540 4506
3541 4507
3542 4508
3543 4509
3544 4510
3545 4511
3546 4512
3547 4513
3548 4514
3549 4515
3550 4516
3551 4517
3552 4518
3553 4519
3554 4520
3555 4521
3556 4521
3557 4522
3558 4523
3559 4524
3560 4525
3561 4526
3562 4527
3563 4528
3564 4529
3565 4530
3566 4531
3567 4532
3568 4533
3569 4534
3570 4535
3571 4536
3572 4536
3573 4537
3574 4538
3575 4539
3576 4540
3577 4541
3578 4542
3579 4543
3580 4544
3581 4545
3582 4546
3583 4547
3584 4548
3585 4550
3586 4551
3587 4553
3588 4555
3589 4557
3590 4559
3591 4561
3592 4563
3593 4565
3594 4566
3595 4568
3596 4570
3597 4572
3598 4574
3599 4576
3600 4578
3601 4580
3602 4581
3603 4583
3604 4585
3605 4587
3606 4589
3607 4591
3608 4593
3609 4595
3610 4596
3611 4598
3612 4600
3613 4602
3614 4604
3615 4606
3616 4608
3617 4609
3618 4609
3619 4610
3620 4611
3621 4612
3622 4613
3623 4614
3624 4615
3625 4616
3626 4617
3627 4618
3628 4619
3629 4620
3630 4621
3631 4622
3632 4623
3633 4624
3634 4624
3635 4625
3636 4626
3637 4627
3638 4628
3639 4629
3640 4630
3641 4631
3642 4632
3643 4633
3644 4634
3645 4635
3646 4636
3647 4637
3648 4638
3649 4639
3650 4639
3651 4640
3652 4641
3653 4642
3654 4643
3655 4644
3656 4645
3657 4646
3658 4647
3659 4648
3660 4649
3661 4650
3662 4651
3663 4652
3664 4653
3665 4654
3666 4654
3667 4655
3668 4656
3669 4657
3670 4658
3671 4659
3672 4660
3673 4661
3674 4662
3675 4663
3676 4664
3677 4665
3678 4666
3679 4667
3680 4668
3681 4669
3682 4669
3683 4670
3684 4671
3685 4672
3686 4673
3687 4674
3688 4675
3689 4676
3690 4677
3691 4678
3692 4679
3693 4680
3694 4681
3695 4682
3696 4683
3697 4684
3698 4684
3699 4685
3700 4686
3701 4687
3702 4688
3703 4689
3704 4690
3705 4691
3706 4692
3707 4693
3708 4694
3709 4695
3710 4696
3711 4697
3712 4698
3713 4698
3714 4699
3715 4700
3716 4701
3717 4702
3718 4703
3719 4704
3720 4705
3721 4706
3722 4707
3723 4708
3724 4709
3725 4710
3726 4711
3727 4712
3728 4713
3729 4713
3730 4714
3731 4715
3732 4716
3733 4717
3734 4718
3735 4719
3736 4720
3737 4721
3738 4722
3739 4723
3740 4724
3741 4725
3742 4726
3743 4727
3744 4727
3745 4728
3746 4729
3747 4730
3748 4731
3749 4732
3750 4733
3751 4734
3752 4735
3753 4736
3754 4737
3755 4738
3756 4739
3757 4740
3758 4741
3759 4742
3760 4742
3761 4743
3762 4744
3763 4745
3764 4746
3765 4747
3766 4748
3767 4749
3768 4750
3769 4751
3770 4752
3771 4753
3772 4754
3773 4755
3774 4756
3775 4756
3776 4757
3777 4758
3778 4759
3779 4760
3780 4761
3781 4762
3782 4763
3783 4764
3784 4765
3785 4766
3786 4767
3787 4768
3788 4769
3789 4770
3790 4771
3791 4771
3792 4772
3793 4773
3794 4774
3795 4775
3796 4776
3797 4777
3798 4778
3799 4779
3800 4780
3801 4781
3802 4782
3803 4783
3804 4784
3805 4785
3806 4785
3807 4786
3808 4787
3809 4788
3810 4789
3811 4790
3812 4791
3813 4792
3814 4793
3815 4794
3816 4795
3817 4796
3818 4797
3819 4798
3820 4799
3821 4799
3822 4800
3823 4801
3824 4802
3825 4803
3826 4804
3827 4805
3828 4806
3829 4807
3830 4808
3831 4809
3832 4810
3833 4811
3834 4812
3835 4813
3836 4814
3837 4814
3838 4815
3839 4816
3840 4817
3841 4818
3842 4819
3843 4820
3844 4821
3845 4822
3846 4823
3847 4824
3848 4825
3849 4826
3850 4827
3851 4828
3852 4828
3853 4829
3854 4830
3855 4831
3856 4832
3857 4833
3858 4834
3859 4835
3860 4836
3861 4837
3862 4838
3863 4839
3864 4840
3865 4841
3866 4842
3867 4842
3868 4843
3869 4844
3870 4845
3871 4846
3872 4847
3873 4848
3874 4849
3875 4850
3876 4851
3877 4852
3878 4853
3879 4854
3880 4855
3881 4856
3882 4856
3883 4857
3884 4858
3885 4859
3886 4860
3887 4861
3888 4862
3889 4863
3890 4864
3891 4865
3892 4866
3893 4867
3894 4868
3895 4869
3896 4870
3897 4870
3898 4871
3899 4872
3900 4873
3901 4874
3902 4875
3903 4876
3904 4877
3905 4878
3906 4879
3907 4880
3908 4881
3909 4882
3910 4883
3911 4884
3912 4884
3913 4885
3914 4886
3915 4887
3916 4888
3917 4889
3918 4890
3919 4891
3920 4892
3921 4893
3922 4894
3923 4895
3924 4896
3925 4897
3926 4898
3927 4898
3928 4899
3929 4900
3930 4901
3931 4902
3932 4903
3933 4904
3934 4905
3935 4906
3936 4907
3937 4908
3938 4909
3939 4910
3940 4911
3941 4912
3942 4912
3943 4913
3944 4914
3945 4915
3946 4916
3947 4917
3948 4918
3949 4919
3950 4920
3951 4921
3952 4922
3953 4923
3954 4924
3955 4925
3956 4926
3957 4926
3958 4927
3959 4928
3960 4929
3961 4930
3962 4931
3963 4932
3964 4933
3965 4934
3966 4935
3967 4936
3968 4937
3969 4938
3970 4939
3971 4940
3972 4940
3973 4941
3974 4942
3975 4943
3976 4944
3977 4945
3978 4946
3979 4947
3980 4948
3981 4949
3982 4950
3983 4951
3984 4952
3985 4953
3986 4953
3987 4954
3988 4955
3989 4956
3990 4957
3991 4958
3992 4959
3993 4960
3994 4961
3995 4962
3996 4963
3997 4964
3998 4965
3999 4966
4000 4967
4001 4967
4002 4968
4003 4969
4004 4970
4005 4971
4006 4972
4007 4973
4008 4974
4009 4975
4010 4976
4011 4977
4012 4978
4013 4979
4014 4980
4015 4981
4016 4981
4017 4982
4018 4983
4019 4984
4020 4985
4021 4986
4022 4987
4023 4988
4024 4989
4025 4990
4026 4991
4027 4992
4028 4993
4029 4994
4030 4994
4031 4995
4032 4996
4033 4997
4034 4998
4035 4999
4036 5000
4037 5001
4038 5002
4039 5003
4040 5004
4041 5005
4042 5006
4043 5007
4044 5008
4045 5008
4046 5009
4047 5010
4048 5011
4049 5012
4050 5013
4051 5014
4052 5015
4053 5016
4054 5017
4055 5018
4056 5019
4057 5020
4058 5021
4059 5021
4060 5022
4061 5023
4062 5024
4063 5025
4064 5026
4065 5027
4066 5028
4067 5029
4068 5030
4069 5031
4070 5032
4071 5033
4072 5034
4073 5035
4074 5035
4075 5036
4076 5037
4077 5038
4078 5039
4079 5040
4080 5041
4081 5042
4082 5043
4083 5044
4084 5045
4085 5046
4086 5047
4087 5048
4088 5048
4089 5049
4090 5050
4091 5051
4092 5052
4093 5053
4094 5054
4095 5055
4096 5056
4097 5058
4098 5060
4099 5062
4100 5063
4101 5065
4102 5067
4103 5069
4104 5071
4105 5073
4106 5075
4107 5076
4108 5078
4109 5080
4110 5082
4111 5084
4112 5086
4113 5088
4114 5089
4115 5091
4116 5093
4117 5095
4118 5097
4119 5099
4120 5101
4121 5102
4122 5104
4123 5106
4124 5108
4125 5110
4126 5112
4127 5114
4128 5115
4129 5117
4130 5119
4131 5120
4132 5121
4133 5122
4134 5123
4135 5124
4136 5125
4137 5126
4138 5127
4139 5128
4140 5129
4141 5130
4142 5130
4143 5131
4144 5132
4145 5133
4146 5134
4147 5135
4148 5136
4149 5137
4150 5138
4151 5139
4152 5140
4153 5141
4154 5142
4155 5143
4156 5143
4157 5144
4158 5145
4159 5146
4160 5147
4161 5148
4162 5149
4163 5150
4164 5151
4165 5152
4166 5153
4167 5154
4168 5155
4169 5156
4170 5157
4171 5157
4172 5158
4173 5159
4174 5160
4175 5161
4176 5162
4177 5163
4178 5164
4179 5165
4180 5166
4181 5167
4182 5168
4183 5169
4184 5169
4185 5170
4186 5171
4187 5172
4188 5173
4189 5174
4190 5175
4191 5176
4192 5177
4193 5178
4194 5179
4195 5180
4196 5181
4197 5182
4198 5182
4199 5183
4200 5184
4201 5185
4202 5186
4203 5187
4204 5188
4205 5189
4206 5190
4207 5191
4208 5192
4209 5193
4210 5194
4211 5195
4212 5195
4213 5196
4214 5197
4215 5198
4216 5199
4217 5200
4218 5201
4219 5202
4220 5203
4221 5204
4222 5205
4223 5206
4224 5207
4225 5208
4226 5208
4227 5209
4228 5210
4229 5211
4230 5212
4231 5213
4232 5214
4233 5215
4234 5216
4235 5217
4236 5218
4237 5219
4238 5220
4239 5220
4240 5221
4241 5222
4242 5223
4243 5224
4244 5225
4245 5226
4246 5227
4247 5228
4248 5229
4249 5230
4250 5231
4251 5232
4252 5233
4253 5233
4254 5234
4255 5235
4256 5236
4257 5237
4258 5238
4259 5239
4260 5240
4261 5241
4262 5242
4263 5243
4264 5244
4265 5245
4266 5245
4267 5246
4268 5247
4269 5248
4270 5249
4271 5250
4272 5251
4273 5252
4274 5253
4275 5254
4276 5255
4277 5256
4278 5257
4279 5258
4280 5258
4281 5259
4282 5260
4283 5261
4284 5262
4285 5263
4286 5264
4287 5265
4288 5266
4289 5267
4290 5268
4291 5269
4292 5270
4293 5270
4294 5271
4295 5272
4296 5273
4297 5274
4298 5275
4299 5276
4300 5277
4301 5278
4302 5279
4303 5280
4304 5281
4305 5282
4306 5282
4307 5283
4308 5284
4309 5285
4310 5286
4311 5287
4312 5288
4313 5289
4314 5290
4315 5291
4316 5292
4317 5293
4318 5294
4319 5295
4320 5295
4321 5296
4322 5297
4323 5298
4324 5299
4325 5300
4326 5301
4327 5302
4328 5303
4329 5304
4330 5305
4331 5306
4332 5307
4333 5307
4334 5308
4335 5309
4336 5310
4337 5311
4338 5312
4339 5313
4340 5314
4341 5315
4342 5316
4343 5317
4344 5318
4345 5319
4346 5319
4347 5320
4348 5321
4349 5322
4350 5323
4351 5324
4352 5325
4353 5326
4354 5327
4355 5328
4356 5329
4357 5330
4358 5331
4359 5331
4360 5332
4361 5333
4362 5334
4363 5335
4364 5336
4365 5337
4366 5338
4367 5339
4368 5340
4369 5341
4370 5342
4371 5343
4372 5343
4373 5344
4374 5345
4375 5346
4376 5347
4377 5348
4378 5349
4379 5350
4380 5351
4381 5352
4382 5353
4383 5354
4384 5355
4385 5355
4386 5356
4387 5357
4388 5358
4389 5359
4390 5360
4391 5361
4392 5362
4393 5363
4394 5364
4395 5365
4396 5366
4397 5367
4398 5367
4399 5368
4400 5369
4401 5370
4402 5371
4403 5372
4404 5373
4405 5374
4406 5375
4407 5376
4408 5377
4409 5378
4410 5378
4411 5379
4412 5380
4413 5381
4414 5382
4415 5383
4416 5384
4417 5385
4418 5386
4419 5387
4420 5388
4421 5389
4422 5390
4423 5390
4424 5391
4425 5392
4426 5393
4427 5394
4428 5395
4429 5396
4430 5397
4431 5398
4432 5399
4433 5400
4434 5401
4435 5402
4436 5402
4437 5403
4438 5404
4439 5405
4440 5406
4441 5407
4442 5408
4443 5409
4444 5410
4445 5411
4446 5412
4447 5413
4448 5413
4449 5414
4450 5415
4451 5416
4452 5417
4453 5418
4454 5419
4455 5420
4456 5421
4457 5422
4458 5423
4459 5424
4460 5425
4461 5425
4462 5426
4463 5427
4464 5428
4465 5429
4466 5430
4467 5431
4468 5432
4469 5433
4470 5434
4471 5435
4472 5436
4473 5436
4474 5437
4475 5438
4476 5439
4477 5440
4478 5441
4479 5442
4480 5443
4481 5444
4482 5445
4483 5446
4484 5447
4485 5448
4486 5448
4487 5449
4488 5450
4489 5451
4490 5452
4491 5453
4492 5454
4493 5455
4494 5456
4495 5457
4496 5458
4497 5459
4498 5459
4499 5460
4500 5461
4501 5462
4502 5463
4503 5464
4504 5465
4505 5466
4506 5467
4507 5468
4508 5469
4509 5470
4510 5470
4511 5471
4512 5472
4513 5473
4514 5474
4515 5475
4516 5476
4517 5477
4518 5478
4519 5479
4520 5480
4521 5481
4522 5482
4523 5482
4524 5483
4525 5484
4526 5485
4527 5486
4528 5487
4529 5488
4530 5489
4531 5490
4532 5491
4533 5492
4534 5493
4535 5493
4536 5494
4537 5495
4538 5496
4539 5497
4540 5498
4541 5499
4542 5500
4543 5501
4544 5502
4545 5503
4546 5504
4547 5504
4548 5505
4549 5506
4550 5507
4551 5508
4552 5509
4553 5510
4554 5511
4555 5512
4556 5513
4557 5514
4558 5515
4559 5515
4560 5516
4561 5517
4562 5518
4563 5519
4564 5520
4565 5521
4566 5522
4567 5523
4568 5524
4569 5525
4570 5526
4571 5526
4572 5527
4573 5528
4574 5529
4575 5530
4576 5531
4577 5532
4578 5533
4579 5534
4580 5535
4581 5536
4582 5537
4583 5537
4584 5538
4585 5539
4586 5540
4587 5541
4588 5542
4589 5543
4590 5544
4591 5545
4592 5546
4593 5547
4594 5548
4595 5548
4596 5549
4597 5550
4598 5551
4599 5552
4600 5553
4601 5554
4602 5555
4603 5556
4604 5557
4605 5558
4606 5559
4607 5559
4608 5560
4609 5562
4610 5564
4611 5566
4612 5568
4613 5570
4614 5571
4615 5573
4616 5575
4617 5577
4618 5579
4619 5581
4620 5582
4621 5584
4622 5586
4623 5588
4624 5590
4625 5591
4626 5593
4627 5595
4628 5597
4629 5599
4630 5601
4631 5602
4632 5604
4633 5606
4634 5608
4635 5610
4636 5612
4637 5613
4638 5615
4639 5617
4640 5619
4641 5621
4642 5623
4643 5624
4644 5626
4645 5628
4646 5630
4647 5632
4648 5633
4649 5633
4650 5634
4651 5635
4652 5636
4653 5637
4654 5638
4655 5639
4656 5640
4657 5641
4658 5642
4659 5643
4660 5643
4661 5644
4662 5645
4663 5646
4664 5647
4665 5648
4666 5649
4667 5650
4668 5651
4669 5652
4670 5653
4671 5654
4672 5654
4673 5655
4674 5656
4675 5657
4676 5658
4677 5659
4678 5660
4679 5661
4680 5662
4681 5663
4682 5664
4683 5664
4684 5665
4685 5666
4686 5667
4687 5668
4688 5669
4689 5670
4690 5671
4691 5672
4692 5673
4693 5674
4694 5674
4695 5675
4696 5676
4697 5677
4698 5678
4699 5679
4700 5680
4701 5681
4702 5682
4703 5683
4704 5684
4705 5684
4706 5685
4707 5686
4708 5687
4709 5688
4710 5689
4711 5690
4712 5691
4713 5692
4714 5693
4715 5694
4716 5695
4717 5695
4718 5696
4719 5697
4720 5698
4721 5699
4722 5700
4723 5701
4724 5702
4725 5703
4726 5704
4727 5705
4728 5705
4729 5706
4730 5707
4731 5708
4732 5709
4733 5710
4734 5711
4735 5712
4736 5713
4737 5714
4738 5715
4739 5715
4740 5716
4741 5717
4742 5718
4743 5719
4744 5720
4745 5721
4746 5722
4747 5723
4748 5724
4749 5724
4750 5725
4751 5726
4752 5727
4753 5728
4754 5729
4755 5730
4756 5731
4757 5732
4758 5733
4759 5734
4760 5734
4761 5735
4762 5736
4763 5737
4764 5738
4765 5739
4766 5740
4767 5741
4768 5742
4769 5743
4770 5744
4771 5744
4772 5745
4773 5746
4774 5747
4775 5748
4776 5749
4777 5750
4778 5751
4779 5752
4780 5753
4781 5754
4782 5754
4783 5755
4784 5756
4785 5757
4786 5758
4787 5759
4788 5760
4789 5761
4790 5762
4791 5763
4792 5763
4793 5764
4794 5765
4795 5766
4796 5767
4797 5768
4798 5769
4799 5770
4800 5771
4801 5772
4802 5773
4803 5773
4804 5774
4805 5775
4806 5776
4807 5777
4808 5778
4809 5779
4810 5780
4811 5781
4812 5782
4813 5782
4814 5783
4815 5784
4816 5785
4817 5786
4818 5787
4819 5788
4820 5789
4821 5790
4822 5791
4823 5791
4824 5792
4825 5793
4826 5794
4827 5795
4828 5796
4829 5797
4830 5798
4831 5799
4832 5800
4833 5801
4834 5801
4835 5802
4836 5803
4837 5804
4838 5805
4839 5806
4840 5807
4841 5808
4842 5809
4843 5810
4844 5810
4845 5811
4846 5812
4847 5813
4848 5814
4849 5815
4850 5816
4851 5817
4852 5818
4853 5819
4854 5819
4855 5820
4856 5821
4857 5822
4858 5823
4859 5824
4860 5825
4861 5826
4862 5827
4863 5828
4864 5828
4865 5829
4866 5830
4867 5831
4868 5832
4869 5833
4870 5834
4871 5835
4872 5836
4873 5837
4874 5837
4875 5838
4876 5839
4877 5840
4878 5841
4879 5842
4880 5843
4881 5844
4882 5845
4883 5846
4884 5846
4885 5847
4886 5848
4887 5849
4888 5850
4889 5851
4890 5852
4891 5853
4892 5854
4893 5855
4894 5855
4895 5856
4896 5857
4897 5858
4898 5859
4899 5860
4900 5861
4901 5862
4902 5863
4903 5864
4904 5864
4905 5865
4906 5866
4907 5867
4908 5868
4909 5869
4910 5870
4911 5871
4912 5872
4913 5873
4914 5873
4915 5874
4916 5875
4917 5876
4918 5877
4919 5878
4920 5879
4921 5880
4922 5881
4923 5882
4924 5882
4925 5883
4926 5884
4927 5885
4928 5886
4929 5887
4930 5888
4931 5889
4932 5890
4933 5891
4934 5891
4935 5892
4936 5893
4937 5894
4938 5895
4939 5896
4940 5897
4941 5898
4942 5899
4943 5899
4944 5900
4945 5901
4946 5902
4947 5903
4948 5904
4949 5905
4950 5906
4951 5907
4952 5908
4953 5908
4954 5909
4955 5910
4956 5911
4957 5912
4958 5913
4959 5914
4960 5915
4961 5916
4962 5917
4963 5917
4964 5918
4965 5919
4966 5920
4967 5921
4968 5922
4969 5923
4970 5924
4971 5925
4972 5925
4973 5926
4974 5927
4975 5928
4976 5929
4977 5930
4978 5931
4979 5932
4980 5933
4981 5934
4982 5934
4983 5935
4984 5936
4985 5937
4986 5938
4987 5939
4988 5940
4989 5941
4990 5942
4991 5942
4992 5943
4993 5944
4994 5945
4995 5946
4996 5947
4997 5948
4998 5949
4999 5950
5000 5950
5001 5951
5002 5952
5003 5953
5004 5954
5005 5955
5006 5956
5007 5957
5008 5958
5009 5959
5010 5959
5011 5960
5012 5961
5013 5962
5014 5963
5015 5964
5016 5965
5017 5966
5018 5967
5019 5967
5020 5968
5021 5969
5022 5970
5023 5971
5024 5972
5025 5973
5026 5974
5027 5975
5028 5975
5029 5976
5030 5977
5031 5978
5032 5979
5033 5980
5034 5981
5035 5982
5036 5983
5037 5983
5038 5984
5039 5985
5040 5986
5041 5987
5042 5988
5043 5989
5044 5990
5045 5991
5046 5992
5047 5992
5048 5993
5049 5994
5050 5995
5051 5996
5052 5997
5053 5998
5054 5999
5055 6000
5056 6000
5057 6001
5058 6002
5059 6003
5060 6004
5061 6005
5062 6006
5063 6007
5064 6008
5065 6008
5066 6009
5067 6010
5068 6011
5069 6012
5070 6013
5071 6014
5072 6015
5073 6016
5074 6016
5075 6017
5076 6018
5077 6019
5078 6020
5079 6021
5080 6022
5081 6023
5082 6024
5083 6024
5084 6025
5085 6026
5086 6027
5087 6028
5088 6029
5089 6030
5090 6031
5091 6032
5092 6032
5093 6033
5094 6034
5095 6035
5096 6036
5097 6037
5098 6038
5099 6039
5100 6040
5101 6040
5102 6041
5103 6042
5104 6043
5105 6044
5106 6045
5107 6046
5108 6047
5109 6047
5110 6048
5111 6049
5112 6050
5113 6051
5114 6052
5115 6053
5116 6054
5117 6055
5118 6055
5119 6056
5120 6057
5121 6059
5122 6061
5123 6063
5124 6064
5125 6066
5126 6068
5127 6070
5128 6071
5129 6073
5130 6075
5131 6077
5132 6079
5133 6080
5134 6082
5135 6084
5136 6086
5137 6087
5138 6089
5139 6091
5140 6093
5141 6094
5142 6096
5143 6098
5144 6100
5145 6101
5146 6103
5147 6105
5148 6107
5149 6109
5150 6110
5151 6112
5152 6114
5153 6116
5154 6117
5155 6119
5156 6121
5157 6123
5158 6124
5159 6126
5160 6128
5161 6130
5162 6131
5163 6133
5164 6135
5165 6137
5166 6139
5167 6140
5168 6142
5169 6144
5170 6145
5171 6145
5172 6146
5173 6147
5174 6148
5175 6149
5176 6150
5177 6151
5178 6152
5179 6152
5180 6153
5181 6154
5182 6155
5183 6156
5184 6157
5185 6158
5186 6159
5187 6159
5188 6160
5189 6161
5190 6162
5191 6163
5192 6164
5193 6165
5194 6166
5195 6167
5196 6167
5197 6168
5198 6169
5199 6170
5200 6171
5201 6172
5202 6173
5203 6174
5204 6174
5205 6175
5206 6176
5207 6177
5208 6178
5209 6179
5210 6180
5211 6181
5212 6181
5213 6182
5214 6183
5215 6184
5216 6185
5217 6186
5218 6187
5219 6188
5220 6188
5221 6189
5222 6190
5223 6191
5224 6192
5225 6193
5226 6194
5227 6195
5228 6195
5229 6196
5230 6197
5231 6198
5232 6199
5233 6200
5234 6201
5235 6202
5236 6202
5237 6203
5238 6204
5239 6205
5240 6206
5241 6207
5242 6208
5243 6209
5244 6209
5245 6210
5246 6211
5247 6212
5248 6213
5249 6214
5250 6215
5251 6215
5252 6216
5253 6217
5254 6218
5255 6219
5256 6220
5257 6221
5258 6222
5259 6222
5260 6223
5261 6224
5262 6225
5263 6226
5264 6227
5265 6228
5266 6229
5267 6229
5268 6230
5269 6231
5270 6232
5271 6233
5272 6234
5273 6235
5274 6235
5275 6236
5276 6237
5277 6238
5278 6239
5279 6240
5280 6241
5281 6242
5282 6242
5283 6243
5284 6244
5285 6245
5286 6246
5287 6247
5288 6248
5289 6249
5290 6249
5291 6250
5292 6251
5293 6252
5294 6253
5295 6254
5296 6255
5297 6255
5298 6256
5299 6257
5300 6258
5301 6259
5302 6260
5303 6261
5304 6261
5305 6262
5306 6263
5307 6264
5308 6265
5309 6266
5310 6267
5311 6268
5312 6268
5313 6269
5314 6270
5315 6271
5316 6272
5317 6273
5318 6274
5319 6274
5320 6275
5321 6276
5322 6277
5323 6278
5324 6279
5325 6280
5326 6280
5327 6281
5328 6282
5329 6283
5330 6284
5331 6285
5332 6286
5333 6287
5334 6287
5335 6288
5336 6289
5337 6290
5338 6291
5339 6292
5340 6293
5341 6293
5342 6294
5343 6295
5344 6296
5345 6297
5346 6298
5347 6299
5348 6299
5349 6300
5350 6301
5351 6302
5352 6303
5353 6304
5354 6305
5355 6305
5356 6306
5357 6307
5358 6308
5359 6309
5360 6310
5361 6311
5362 6311
5363 6312
5364 6313
5365 6314
5366 6315
5367 6316
5368 6317
5369 6317
5370 6318
5371 6319
5372 6320
5373 6321
5374 6322
5375 6323
5376 6323
5377 6324
5378 6325
5379 6326
5380 6327
5381 6328
5382 6329
5383 6329
5384 6330
5385 6331
5386 6332
5387 6333
5388 6334
5389 6335
5390 6335
5391 6336
5392 6337
5393 6338
5394 6339
5395 6340
5396 6341
5397 6341
5398 6342
5399 6343
5400 6344
5401 6345
5402 6346
5403 6347
5404 6347
5405 6348
5406 6349
5407 6350
5408 6351
5409 6352
5410 6353
5411 6353
5412 6354
5413 6355
5414 6356
5415 6357
5416 6358
5417 6358
5418 6359
5419 6360
5420 6361
5421 6362
5422 6363
5423 6364
5424 6364
5425 6365
5426 6366
5427 6367
5428 6368
5429 6369
5430 6370
5431 6370
5432 6371
5433 6372
5434 6373
5435 6374
5436 6375
5437 6376
5438 6376
5439 6377
5440 6378
5441 6379
5442 6380
5443 6381
5444 6381
5445 6382
5446 6383
5447 6384
5448 6385
5449 6386
5450 6387
5451 6387
5452 6388
5453 6389
5454 6390
5455 6391
5456 6392
5457 6392
5458 6393
5459 6394
5460 6395
5461 6396
5462 6397
5463 6398
5464 6398
5465 6399
5466 6400
5467 6401
5468 6402
5469 6403
5470 6403
5471 6404
5472 6405
5473 6406
5474 6407
5475 6408
5476 6409
5477 6409
5478 6410
5479 6411
5480 6412
5481 6413
5482 6414
5483 6414
5484 6415
5485 6416
5486 6417
5487 6418
5488 6419
5489 6420
5490 6420
5491 6421
5492 6422
5493 6423
5494 6424
5495 6425
5496 6425
5497 6426
5498 6427
5499 6428
5500 6429
5501 6430
5502 6430
5503 6431
5504 6432
5505 6433
5506 6434
5507 6435
5508 6436
5509 6436
5510 6437
5511 6438
5512 6439
5513 6440
5514 6441
5515 6441
5516 6442
5517 6443
5518 6444
5519 6445
5520 6446
5521 6446
5522 6447
5523 6448
5524 6449
5525 6450
5526 6451
5527 6452
5528 6452
5529 6453
5530 6454
5531 6455
5532 6456
5533 6457
5534 6457
5535 6458
5536 6459
5537 6460
5538 6461
5539 6462
5540 6462
5541 6463
5542 6464
5543 6465
5544 6466
5545 6467
5546 6467
5547 6468
5548 6469
5549 6470
5550 6471
5551 6472
5552 6472
5553 6473
5554 6474
5555 6475
5556 6476
5557 6477
5558 6477
5559 6478
5560 6479
5561 6480
5562 6481
5563 6482
5564 6482
5565 6483
5566 6484
5567 6485
5568 6486
5569 6487
5570 6487
5571 6488
5572 6489
5573 6490
5574 6491
5575 6492
5576 6492
5577 6493
5578 6494
5579 6495
5580 6496
5581 6497
5582 6497
5583 6498
5584 6499
5585 6500
5586 6501
5587 6502
5588 6502
5589 6503
5590 6504
5591 6505
5592 6506
5593 6507
5594 6507
5595 6508
5596 6509
5597 6510
5598 6511
5599 6512
5600 6512
5601 6513
5602 6514
5603 6515
5604 6516
5605 6517
5606 6517
5607 6518
5608 6519
5609 6520
5610 6521
5611 6522
5612 6522
5613 6523
5614 6524
5615 6525
5616 6526
5617 6527
5618 6527
5619 6528
5620 6529
5621 6530
5622 6531
5623 6532
5624 6532
5625 6533
5626 6534
5627 6535
5628 6536
5629 6537
5630 6537
5631 6538
5632 6539
5633 6541
5634 6542
5635 6544
5636 6546
5637 6547
5638 6549
5639 6551
5640 6552
5641 6554
5642 6556
5643 6557
5644 6559
5645 6560
5646 6562
5647 6564
5648 6565
5649 6567
5650 6569
5651 6570
5652 6572
5653 6574
5654 6575
5655 6577
5656 6579
5657 6580
5658 6582
5659 6583
5660 6585
5661 6587
5662 6588
5663 6590
5664 6592
5665 6593
5666 6595
5667 6597
5668 6598
5669 6600
5670 6602
5671 6603
5672 6605
5673 6606
5674 6608
5675 6610
5676 6611
5677 6613
5678 6615
5679 6616
5680 6618
5681 6620
5682 6621
5683 6623
5684 6624
5685 6626
5686 6628
5687 6629
5688 6631
5689 6633
5690 6634
5691 6636
5692 6637
5693 6639
5694 6641
5695 6642
5696 6644
5697 6646
5698 6647
5699 6649
5700 6650
5701 6652
5702 6654
5703 6655
5704 6656
5705 6657
5706 6658
5707 6659
5708 6659
5709 6660
5710 6661
5711 6662
5712 6663
5713 6663
5714 6664
5715 6665
5716 6666
5717 6667
5718 6668
5719 6668
5720 6669
5721 6670
5722 6671
5723 6672
5724 6672
5725 6673
5726 6674
5727 6675
5728 6676
5729 6676
5730 6677
5731 6678
5732 6679
5733 6680
5734 6680
5735 6681
5736 6682
5737 6683
5738 6684
5739 6684
5740 6685
5741 6686
5742 6687
5743 6688
5744 6688
5745 6689
5746 6690
5747 6691
5748 6692
5749 6692
5750 6693
5751 6694
5752 6695
5753 6696
5754 6696
5755 6697
5756 6698
5757 6699
5758 6700
5759 6700
5760 6701
5761 6702
5762 6703
5763 6704
5764 6704
5765 6705
5766 6706
5767 6707
5768 6708
5769 6708
5770 6709
5771 6710
5772 6711
5773 6712
5774 6712
5775 6713
5776 6714
5777 6715
5778 6716
5779 6716
5780 6717
5781 6718
5782 6719
5783 6720
5784 6720
5785 6721
5786 6722
5787 6723
5788 6723
5789 6724
5790 6725
5791 6726
5792 6727
5793 6727
5794 6728
5795 6729
5796 6730
5797 6731
5798 6731
5799 6732
5800 6733
5801 6734
5802 6735
5803 6735
5804 6736
5805 6737
5806 6738
5807 6738
5808 6739
5809 6740
5810 6741
5811 6742
5812 6742
5813 6743
5814 6744
5815 6745
5816 6746
5817 6746
5818 6747
5819 6748
5820 6749
5821 6749
5822 6750
5823 6751
5824 6752
5825 6753
5826 6753
5827 6754
5828 6755
5829 6756
5830 6757
5831 6757
5832 6758
5833 6759
5834 6760
5835 6760
5836 6761
5837 6762
5838 6763
5839 6764
5840 6764
5841 6765
5842 6766
5843 6767
5844 6767
5845 6768
5846 6769
5847 6770
5848 6771
5849 6771
5850 6772
5851 6773
5852 6774
5853 6774
5854 6775
5855 6776
5856 6777
5857 6778
5858 6778
5859 6779
5860 6780
5861 6781
5862 6781
5863 6782
5864 6783
5865 6784
5866 6784
5867 6785
5868 6786
5869 6787
5870 6788
5871 6788
5872 6789
5873 6790
5874 6791
5875 6791
5876 6792
5877 6793
5878 6794
5879 6795
5880 6795
5881 6796
5882 6797
5883 6798
5884 6798
5885 6799
5886 6800
5887 6801
5888 6801
5889 6802
5890 6803
5891 6804
5892 6805
5893 6805
5894 6806
5895 6807
5896 6808
5897 6808
5898 6809
5899 6810
5900 6811
5901 6811
5902 6812
5903 6813
5904 6814
5905 6814
5906 6815
5907 6816
5908 6817
5909 6818
5910 6818
5911 6819
5912 6820
5913 6821
5914 6821
5915 6822
5916 6823
5917 6824
5918 6824
5919 6825
5920 6826
5921 6827
5922 6827
5923 6828
5924 6829
5925 6830
5926 6830
5927 6831
5928 6832
5929 6833
5930 6833
5931 6834
5932 6835
5933 6836
5934 6837
5935 6837
5936 6838
5937 6839
5938 6840
5939 6840
5940 6841
5941 6842
5942 6843
5943 6843
5944 6844
5945 6845
5946 6846
5947 6846
5948 6847
5949 6848
5950 6849
5951 6849
5952 6850
5953 6851
5954 6852
5955 6852
5956 6853
5957 6854
5958 6855
5959 6855
5960 6856
5961 6857
5962 6858
5963 6858
5964 6859
5965 6860
5966 6861
5967 6861
5968 6862
5969 6863
5970 6864
5971 6864
5972 6865
5973 6866
5974 6867
5975 6867
5976 6868
5977 6869
5978 6870
5979 6870
5980 6871
5981 6872
5982 6873
5983 6873
5984 6874
5985 6875
5986 6876
5987 6876
5988 6877
5989 6878
5990 6879
5991 6879
5992 6880
5993 6881
5994 6882
5995 6882
5996 6883
5997 6884
5998 6885
5999 6885
6000 6886
6001 6887
6002 6887
6003 6888
6004 6889
6005 6890
6006 6890
6007 6891
6008 6892
6009 6893
6010 6893
6011 6894
6012 6895
6013 6896
6014 6896
6015 6897
6016 6898
6017 6899
6018 6899
6019 6900
6020 6901
6021 6902
6022 6902
6023 6903
6024 6904
6025 6904
6026 6905
6027 6906
6028 6907
6029 6907
6030 6908
6031 6909
6032 6910
6033 6910
6034 6911
6035 6912
6036 6913
6037 6913
6038 6914
6039 6915
6040 6916
6041 6916
6042 6917
6043 6918
6044 6918
6045 6919
6046 6920
6047 6921
6048 6921
6049 6922
6050 6923
6051 6924
6052 6924
6053 6925
6054 6926
6055 6926
6056 6927
6057 6928
6058 6929
6059 6929
6060 6930
6061 6931
6062 6932
6063 6932
6064 6933
6065 6934
6066 6934
6067 6935
6068 6936
6069 6937
6070 6937
6071 6938
6072 6939
6073 6940
6074 6940
6075 6941
6076 6942
6077 6942
6078 6943
6079 6944
6080 6945
6081 6945
6082 6946
6083 6947
6084 6948
6085 6948
6086 6949
6087 6950
6088 6950
6089 6951
6090 6952
6091 6953
6092 6953
6093 6954
6094 6955
6095 6955
6096 6956
6097 6957
6098 6958
6099 6958
6100 6959
6101 6960
6102 6961
6103 6961
6104 6962
6105 6963
6106 6963
6107 6964
6108 6965
6109 6966
6110 6966
6111 6967
6112 6968
6113 6968
6114 6969
6115 6970
6116 6971
6117 6971
6118 6972
6119 6973
6120 6973
6121 6974
6122 6975
6123 6976
6124 6976
6125 6977
6126 6978
6127 6978
6128 6979
6129 6980
6130 6981
6131 6981
6132 6982
6133 6983
6134 6983
6135 6984
6136 6985
6137 6986
6138 6986
6139 6987
6140 6988
6141 6988
6142 6989
6143 6990
6144 6991
6145 6992
6146 6993
6147 6995
6148 6996
6149 6998
6150 6999
6151 7000
6152 7002
6153 7003
6154 7005
6155 7006
6156 7007
6157 7009
6158 7010
6159 7012
6160 7013
6161 7014
6162 7016
6163 7017
6164 7019
6165 7020
6166 7021
6167 7023
6168 7024
6169 7026
6170 7027
6171 7028
6172 7030
6173 7031
6174 7033
6175 7034
6176 7035
6177 7037
6178 7038
6179 7040
6180 7041
6181 7042
6182 7044
6183 7045
6184 7046
6185 7048
6186 7049
6187 7051
6188 7052
6189 7053
6190 7055
6191 7056
6192 7057
6193 7059
6194 7060
6195 7062
6196 7063
6197 7064
6198 7066
6199 7067
6200 7068
6201 7070
6202 7071
6203 7073
6204 7074
6205 7075
6206 7077
6207 7078
6208 7079
6209 7081
6210 7082
6211 7083
6212 7085
6213 7086
6214 7087
6215 7089
6216 7090
6217 7092
6218 7093
6219 7094
6220 7096
6221 7097
6222 7098
6223 7100
6224 7101
6225 7102
6226 7104
6227 7105
6228 7106
6229 7108
6230 7109
6231 7110
6232 7112
6233 7113
6234 7114
6235 7116
6236 7117
6237 7118
6238 7120
6239 7121
6240 7122
6241 7124
6242 7125
6243 7126
6244 7128
6245 7129
6246 7130
6247 7132
6248 7133
6249 7134
6250 7136
6251 7137
6252 7138
6253 7140
6254 7141
6255 7142
6256 7144
6257 7145
6258 7146
6259 7147
6260 7149
6261 7150
6262 7151
6263 7153
6264 7154
6265 7155
6266 7157
6267 7158
6268 7159
6269 7161
6270 7162
6271 7163
6272 7164
6273 7166
6274 7167
6275 7168
6276 7169
6277 7169
6278 7170
6279 7171
6280 7171
6281 7172
6282 7172
6283 7173
6284 7174
6285 7174
6286 7175
6287 7176
6288 7176
6289 7177
6290 7178
6291 7178
6292 7179
6293 7180
6294 7180
6295 7181
6296 7181
6297 7182
6298 7183
6299 7183
6300 7184
6301 7185
6302 7185
6303 7186
6304 7187
6305 7187
6306 7188
6307 7188
6308 7189
6309 7190
6310 7190
6311 7191
6312 7192
6313 7192
6314 7193
6315 7193
6316 7194
6317 7195
6318 7195
6319 7196
6320 7197
6321 7197
6322 7198
6323 7199
6324 7199
6325 7200
6326 7200
6327 7201
6328 7202
6329 7202
6330 7203
6331 7204
6332 7204
6333 7205
6334 7205
6335 7206
6336 7207
6337 7207
6338 7208
6339 7208
6340 7209
6341 7210
6342 7210
6343 7211
6344 7212
6345 7212
6346 7213
6347 7213
6348 7214
6349 7215
6350 7215
6351 7216
6352 7216
6353 7217
6354 7218
6355 7218
6356 7219
6357 7220
6358 7220
6359 7221
6360 7221
6361 7222
6362 7223
6363 7223
6364 7224
6365 7224
6366 7225
6367 7226
6368 7226
6369 7227
6370 7227
6371 7228
6372 7229
6373 7229
6374 7230
6375 7230
6376 7231
6377 7232
6378 7232
6379 7233
6380 7233
6381 7234
6382 7235
6383 7235
6384 7236
6385 7236
6386 7237
6387 7238
6388 7238
6389 7239
6390 7239
6391 7240
6392 7241
6393 7241
6394 7242
6395 7242
6396 7243
6397 7244
6398 7244
6399 7245
6400 7245
6401 7246
6402 7247
6403 7247
6404 7248
6405 7248
6406 7249
6407 7250
6408 7250
6409 7251
6410 7251
6411 7252
6412 7252
6413 7253
6414 7254
6415 7254
6416 7255
6417 7255
6418 7256
6419 7257
6420 7257
6421 7258
6422 7258
6423 7259
6424 7259
6425 7260
6426 7261
6427 7261
6428 7262
6429 7262
6430 7263
6431 7263
6432 7264
6433 7265
6434 7265
6435 7266
6436 7266
6437 7267
6438 7267
6439 7268
6440 7269
6441 7269
6442 7270
6443 7270
6444 7271
6445 7271
6446 7272
6447 7273
6448 7273
6449 7274
6450 7274
6451 7275
6452 7275
6453 7276
6454 7277
6455 7277
6456 7278
6457 7278
6458 7279
6459 7279
6460 7280
6461 7281
6462 7281
6463 7282
6464 7282
6465 7283
6466 7283
6467 7284
6468 7284
6469 7285
6470 7286
6471 7286
6472 7287
6473 7287
6474 7288
6475 7288
6476 7289
6477 7290
6478 7290
6479 7291
6480 7291
6481 7292
6482 7292
6483 7293
6484 7293
6485 7294
6486 7294
6487 7295
6488 7296
6489 7296
6490 7297
6491 7297
6492 7298
6493 7298
6494 7299
6495 7299
6496 7300
6497 7301
6498 7301
6499 7302
6500 7302
6501 7303
6502 7303
6503 7304
6504 7304
6505 7305
6506 7305
6507 7306
6508 7306
6509 7307
6510 7308
6511 7308
6512 7309
6513 7309
6514 7310
6515 7310
6516 7311
6517 7311
6518 7312
6519 7312
6520 7313
6521 7313
6522 7314
6523 7315
6524 7315
6525 7316
6526 7316
6527 7317
6528 7317
6529 7318
6530 7318
6531 7319
6532 7319
6533 7320
6534 7320
6535 7321
6536 7321
6537 7322
6538 7323
6539 7323
6540 7324
6541 7324
6542 7325
6543 7325
6544 7326
6545 7326
6546 7327
6547 7327
6548 7328
6549 7328
6550 7329
6551 7329
6552 7330
6553 7330
6554 7331
6555 7331
6556 7332
6557 7332
6558 7333
6559 7333
6560 7334
6561 7335
6562 7335
6563 7336
6564 7336
6565 7337
6566 7337
6567 7338
6568 7338
6569 7339
6570 7339
6571 7340
6572 7340
6573 7341
6574 7341
6575 7342
6576 7342
6577 7343
6578 7343
6579 7344
6580 7344
6581 7345
6582 7345
6583 7346
6584 7346
6585 7347
6586 7347
6587 7348
6588 7348
6589 7349
6590 7349
6591 7350
6592 7350
6593 7351
6594 7351
6595 7352
6596 7352
6597 7353
6598 7353
6599 7354
6600 7354
6601 7355
6602 7355
6603 7356
6604 7356
6605 7357
6606 7357
6607 7358
6608 7358
6609 7359
6610 7359
6611 7360
6612 7360
6613 7361
6614 7361
6615 7362
6616 7362
6617 7363
6618 7363
6619 7364
6620 7364
6621 7365
6622 7365
6623 7366
6624 7366
6625 7367
6626 7367
6627 7368
6628 7368
6629 7369
6630 7369
6631 7370
6632 7370
6633 7371
6634 7371
6635 7371
6636 7372
6637 7372
6638 7373
6639 7373
6640 7374
6641 7374
6642 7375
6643 7375
6644 7376
6645 7376
6646 7377
6647 7377
6648 7378
6649 7378
6650 7379
6651 7379
6652 7380
6653 7380
6654 7381
6655 7381
6656 7382
6657 7382
6658 7383
6659 7384
6660 7385
6661 7386
6662 7387
6663 7388
6664 7389
6665 7390
6666 7391
6667 7392
6668 7393
6669 7394
6670 7395
6671 7395
6672 7396
6673 7397
6674 7398
6675 7399
6676 7400
6677 7401
6678 7402
6679 7403
6680 7404
6681 7405
6682 7405
6683 7406
6684 7407
6685 7408
6686 7409
6687 7410
6688 7411
6689 7412
6690 7413
6691 7413
6692 7414
6693 7415
6694 7416
6695 7417
6696 7418
6697 7419
6698 7420
6699 7420
6700 7421
6701 7422
6702 7423
6703 7424
6704 7425
6705 7426
6706 7426
6707 7427
6708 7428
6709 7429
6710 7430
6711 7431
6712 7432
6713 7432
6714 7433
6715 7434
6716 7435
6717 7436
6718 7437
6719 7437
6720 7438
6721 7439
6722 7440
6723 7441
6724 7442
6725 7442
6726 7443
6727 7444
6728 7445
6729 7446
6730 7446
6731 7447
6732 7448
6733 7449
6734 7450
6735 7450
6736 7451
6737 7452
6738 7453
6739 7454
6740 7454
6741 7455
6742 7456
6743 7457
6744 7458
6745 7458
6746 7459
6747 7460
6748 7461
6749 7461
6750 7462
6751 7463
6752 7464
6753 7465
6754 7465
6755 7466
6756 7467
6757 7468
6758 7468
6759 7469
6760 7470
6761 7471
6762 7471
6763 7472
6764 7473
6765 7474
6766 7474
6767 7475
6768 7476
6769 7477
6770 7477
6771 7478
6772 7479
6773 7479
6774 7480
6775 7481
6776 7482
6777 7482
6778 7483
6779 7484
6780 7485
6781 7485
6782 7486
6783 7487
6784 7487
6785 7488
6786 7489
6787 7489
6788 7490
6789 7491
6790 7492
6791 7492
6792 7493
6793 7494
6794 7494
6795 7495
6796 7496
6797 7496
6798 7497
6799 7498
6800 7498
6801 7499
6802 7500
6803 7501
6804 7501
6805 7502
6806 7503
6807 7503
6808 7504
6809 7505
6810 7505
6811 7506
6812 7507
6813 7507
6814 7508
6815 7508
6816 7509
6817 7510
6818 7510
6819 7511
6820 7512
6821 7512
6822 7513
6823 7514
6824 7514
6825 7515
6826 7516
6827 7516
6828 7517
6829 7517
6830 7518
6831 7519
6832 7519
6833 7520
6834 7521
6835 7521
6836 7522
6837 7522
6838 7523
6839 7524
6840 7524
6841 7525
6842 7525
6843 7526
6844 7527
6845 7527
6846 7528
6847 7528
6848 7529
6849 7530
6850 7530
6851 7531
6852 7531
6853 7532
6854 7532
6855 7533
6856 7534
6857 7534
6858 7535
6859 7535
6860 7536
6861 7536
6862 7537
6863 7538
6864 7538
6865 7539
6866 7539
6867 7540
6868 7540
6869 7541
6870 7542
6871 7542
6872 7543
6873 7543
6874 7544
6875 7544
6876 7545
6877 7545
6878 7546
6879 7546
6880 7547
6881 7547
6882 7548
6883 7549
6884 7549
6885 7550
6886 7550
6887 7551
6888 7551
6889 7552
6890 7552
6891 7553
6892 7553
6893 7554
6894 7554
6895 7555
6896 7555
6897 7556
6898 7556
6899 7557
6900 7557
6901 7558
6902 7558
6903 7559
6904 7559
6905 7560
6906 7560
6907 7561
6908 7561
6909 7562
6910 7562
6911 7563
6912 7563
6913 7563
6914 7564
6915 7564
6916 7565
6917 7565
6918 7566
6919 7566
6920 7567
6921 7567
6922 7568
6923 7568
6924 7569
6925 7569
6926 7569
6927 7570
6928 7570
6929 7571
6930 7571
6931 7572
6932 7572
6933 7573
6934 7573
6935 7573
6936 7574
6937 7574
6938 7575
6939 7575
6940 7576
6941 7576
6942 7576
6943 7577
6944 7577
6945 7578
6946 7578
6947 7578
6948 7579
6949 7579
6950 7580
6951 7580
6952 7580
6953 7581
6954 7581
6955 7582
6956 7582
6957 7582
6958 7583
6959 7583
6960 7584
6961 7584
6962 7584
6963 7585
6964 7585
6965 7585
6966 7586
6967 7586
6968 7587
6969 7587
6970 7587
6971 7588
6972 7588
6973 7588
6974 7589
6975 7589
6976 7589
6977 7590
6978 7590
6979 7591
6980 7591
6981 7591
6982 7592
6983 7592
6984 7592
6985 7593
6986 7593
6987 7593
6988 7594
6989 7594
6990 7594
6991 7595
6992 7595
6993 7595
6994 7596
6995 7596
6996 7596
6997 7597
6998 7597
6999 7597
7000 7597
7001 7598
7002 7598
7003 7598
7004 7599
7005 7599
7006 7599
7007 7600
7008 7600
7009 7600
7010 7600
7011 7601
7012 7601
7013 7601
7014 7602
7015 7602
7016 7602
7017 7602
7018 7603
7019 7603
7020 7603
7021 7604
7022 7604
7023 7604
7024 7604
7025 7605
7026 7605
7027 7605
7028 7605
7029 7606
7030 7606
7031 7606
7032 7606
7033 7607
7034 7607
7035 7607
7036 7607
7037 7608
7038 7608
7039 7608
7040 7608
7041 7609
7042 7609
7043 7609
7044 7609
7045 7610
7046 7610
7047 7610
7048 7610
7049 7610
7050 7611
7051 7611
7052 7611
7053 7611
7054 7612
7055 7612
7056 7612
7057 7612
7058 7612
7059 7613
7060 7613
7061 7613
7062 7613
7063 7613
7064 7614
7065 7614
7066 7614
7067 7614
7068 7614
7069 7614
7070 7615
7071 7615
7072 7615
7073 7615
7074 7615
7075 7616
7076 7616
7077 7616
7078 7616
7079 7616
7080 7616
7081 7617
7082 7617
7083 7617
7084 7617
7085 7617
7086 7617
7087 7617
7088 7618
7089 7618
7090 7618
7091 7618
7092 7618
7093 7618
7094 7618
7095 7619
7096 7619
7097 7619
7098 7619
7099 7619
7100 7619
7101 7619
7102 7619
7103 7620
7104 7620
7105 7620
7106 7620
7107 7620
7108 7620
7109 7620
7110 7620
7111 7621
7112 7621
7113 7621
7114 7621
7115 7621
7116 7621
7117 7621
7118 7621
7119 7621
7120 7621
7121 7621
7122 7622
7123 7622
7124 7622
7125 7622
7126 7622
7127 7622
7128 7622
7129 7622
7130 7622
7131 7622
7132 7622
7133 7622
7134 7622
7135 7622
7136 7623
7137 7623
7138 7623
7139 7623
7140 7623
7141 7623
7142 7623
7143 7623
7144 7623
7145 7623
7146 7623
7147 7623
7148 7623
7149 7623
7150 7623
7151 7623
7152 7623
7153 7623
7154 7623
7155 7623
7156 7623
7157 7623
7158 7623
7159 7623
7160 7623
7161 7623
7162 7623
7163 7623
7164 7623
7165 7623
7166 7623
7167 7624
7168 7624
7169 7623
7170 7623
7171 7623
7172 7623
7173 7623
7174 7623
7175 7623
7176 7623
7177 7623
7178 7623
7179 7623
7180 7623
7181 7623
7182 7623
7183 7623
7184 7623
7185 7622
7186 7622
7187 7622
7188 7622
7189 7622
7190 7622
7191 7622
7192 7621
7193 7621
7194 7621
7195 7621
7196 7621
7197 7620
7198 7620
7199 7620
7200 7620
7201 7619
7202 7619
7203 7619
7204 7619
7205 7618
7206 7618
7207 7618
7208 7618
7209 7617
7210 7617
7211 7617
7212 7616
7213 7616
7214 7616
7215 7615
7216 7615
7217 7615
7218 7614
7219 7614
7220 7614
7221 7613
7222 7613
7223 7612
7224 7612
7225 7612
7226 7611
7227 7611
7228 7610
7229 7610
7230 7609
7231 7609
7232 7608
7233 7608
7234 7607
7235 7607
7236 7606
7237 7606
7238 7605
7239 7605
7240 7604
7241 7604
7242 7603
7243 7603
7244 7602
7245 7602
7246 7601
7247 7600
7248 7600
7249 7599
7250 7599
7251 7598
7252 7597
7253 7597
7254 7596
7255 7596
7256 7595
7257 7594
7258 7594
7259 7593
7260 7592
7261 7592
7262 7591
7263 7590
7264 7589
7265 7589
7266 7588
7267 7587
7268 7587
7269 7586
7270 7585
7271 7584
7272 7584
7273 7583
7274 7582
7275 7581
7276 7580
7277 7580
7278 7579
7279 7578
7280 7577
7281 7576
7282 7576
7283 7575
7284 7574
7285 7573
7286 7572
7287 7571
7288 7570
7289 7569
7290 7569
7291 7568
7292 7567
7293 7566
7294 7565
7295 7564
7296 7563
7297 7562
7298 7561
7299 7560
7300 7559
7301 7558
7302 7557
7303 7556
7304 7555
7305 7554
7306 7553
7307 7552
7308 7551
7309 7550
7310 7549
7311 7548
7312 7547
7313 7546
7314 7545
7315 7544
7316 7543
7317 7542
7318 7540
7319 7539
7320 7538
7321 7537
7322 7536
7323 7535
7324 7534
7325 7532
7326 7531
7327 7530
7328 7529
7329 7528
7330 7527
7331 7525
7332 7524
7333 7523
7334 7522
7335 7521
7336 7519
7337 7518
7338 7517
7339 7516
7340 7514
7341 7513
7342 7512
7343 7510
7344 7509
7345 7508
7346 7507
7347 7505
7348 7504
7349 7503
7350 7501
7351 7500
7352 7498
7353 7497
7354 7496
7355 7494
7356 7493
7357 7492
7358 7490
7359 7489
7360 7487
7361 7486
7362 7485
7363 7483
7364 7482
7365 7480
7366 7479
7367 7477
7368 7476
7369 7474
7370 7473
7371 7471
7372 7470
7373 7468
7374 7467
7375 7465
7376 7464
7377 7462
7378 7461
7379 7459
7380 7458
7381 7456
7382 7454
7383 7453
7384 7451
7385 7450
7386 7448
7387 7446
7388 7445
7389 7443
7390 7442
7391 7440
7392 7438
7393 7437
7394 7435
7395 7433
7396 7432
7397 7430
7398 7428
7399 7426
7400 7425
7401 7423
7402 7421
7403 7420
7404 7418
7405 7416
7406 7414
7407 7413
7408 7411
7409 7409
7410 7407
7411 7405
7412 7404
7413 7402
7414 7400
7415 7398
7416 7396
7417 7395
7418 7393
7419 7391
7420 7389
7421 7387
7422 7385
7423 7383
7424 7382
7425 7380
7426 7378
7427 7376
7428 7374
7429 7372
7430 7370
7431 7368
7432 7366
7433 7364
7434 7362
7435 7360
7436 7358
7437 7356
7438 7354
7439 7352
7440 7350
7441 7348
7442 7346
7443 7344
7444 7342
7445 7340
7446 7338
7447 7336
7448 7334
7449 7332
7450 7330
7451 7328
7452 7326
7453 7324
7454 7321
7455 7319
7456 7317
7457 7315
7458 7313
7459 7311
7460 7309
7461 7306
7462 7304
7463 7302
7464 7300
7465 7298
7466 7296
7467 7293
7468 7291
7469 7289
7470 7287
7471 7284
7472 7282
7473 7280
7474 7278
7475 7275
7476 7273
7477 7271
7478 7269
7479 7266
7480 7264
7481 7262
7482 7259
7483 7257
7484 7255
7485 7252
7486 7250
7487 7248
7488 7245
7489 7243
7490 7241
7491 7238
7492 7236
7493 7233
7494 7231
7495 7229
7496 7226
7497 7224
7498 7221
7499 7219
7500 7216
7501 7214
7502 7212
7503 7209
7504 7207
7505 7204
7506 7202
7507 7199
7508 7197
7509 7194
7510 7192
7511 7189
7512 7187
7513 7184
7514 7181
7515 7179
7516 7176
7517 7174
7518 7171
7519 7169
7520 7164
7521 7159
7522 7154
7523 7149
7524 7144
7525 7138
7526 7133
7527 7128
7528 7122
7529 7117
7530 7112
7531 7106
7532 7101
7533 7096
7534 7090
7535 7085
7536 7079
7537 7074
7538 7068
7539 7063
7540 7057
7541 7052
7542 7046
7543 7041
7544 7035
7545 7030
7546 7024
7547 7019
7548 7013
7549 7007
7550 7002
7551 6996
7552 6991
7553 6985
7554 6979
7555 6973
7556 6968
7557 6962
7558 6956
7559 6950
7560 6945
7561 6939
7562 6933
7563 6927
7564 6921
7565 6916
7566 6910
7567 6904
7568 6898
7569 6892
7570 6886
7571 6880
7572 6874
7573 6868
7574 6862
7575 6856
7576 6850
7577 6844
7578 6838
7579 6832
7580 6826
7581 6820
7582 6814
7583 6808
7584 6801
7585 6795
7586 6789
7587 6783
7588 6777
7589 6771
7590 6764
7591 6758
7592 6752
7593 6746
7594 6739
7595 6733
7596 6727
7597 6720
7598 6714
7599 6708
7600 6701
7601 6695
7602 6688
7603 6682
7604 6676
7605 6669
7606 6663
7607 6656
7608 6644
7609 6631
7610 6618
7611 6605
7612 6592
7613 6579
7614 6565
7615 6552
7616 6539
7617 6526
7618 6512
7619 6499
7620 6486
7621 6472
7622 6459
7623 6446
7624 6432
7625 6419
7626 6405
7627 6392
7628 6378
7629 6364
7630 6351
7631 6337
7632 6323
7633 6310
7634 6296
7635 6282
7636 6268
7637 6255
7638 6241
7639 6227
7640 6213
7641 6199
7642 6185
7643 6171
7644 6157
7645 6142
7646 6114
7647 6086
7648 6057
7649 6029
7650 6000
7651 5972
7652 5943
7653 5915
7654 5886
7655 5857
7656 5828
7657 5800
7658 5771
7659 5742
7660 5713
7661 5684
7662 5654
7663 5619
7664 5560
7665 5502
7666 5443
7667 5384
7668 5325
7669 5266
7670 5207
7671 5147
7672 5056
7673 4937
7674 4817
7675 4698
7676 4548
7677 4307
7678 4038
7679 3527
7680 0
