0 2
1 0
2 0
3 0
4 2
5 0
6 0
7 0
8 2
9 0
10 0
11 2
12 0
13 0
14 0
15 2
16 0
17 0
18 0
19 2
20 0
21 0
22 0
23 2
24 0
25 0
26 2
27 0
28 0
29 0
30 2
31 0
32 0
33 0
34 2
35 0
36 0
37 2
38 0
39 0
40 0
41 2
42 0
43 0
44 0
45 2
46 0
47 0
48 0
49 2
50 0
51 0
52 2
53 0
54 0
55 0
56 2
57 0
58 0
59 0
60 2
61 0
62 0
63 2
64 0
65 0
66 0
67 2
68 0
69 0
70 0
71 2
72 0
73 0
74 2
75 0
76 0
77 0
78 2
79 0
80 0
81 2
82 0
83 0
84 0
85 2
86 0
87 0
88 0
89 2
90 0
91 0
92 2
93 0
94 0
95 0
96 2
97 0
98 0
99 2
100 0
101 0
102 0
103 2
104 0
105 0
106 0
107 2
108 0
109 0
110 2
111 0
112 0
113 0
114 2
115 0
116 0
117 2
118 0
119 0
120 0
121 2
122 0
123 0
124 2
125 0
126 0
127 0
128 2
129 0
130 0
131 2
132 0
133 0
134 0
135 2
136 0
137 0
138 2
139 0
140 0
141 0
142 2
143 0
144 0
145 2
146 0
147 0
148 0
149 2
150 0
151 0
152 2
153 0
154 0
155 0
156 2
157 0
158 0
159 2
160 0
161 0
162 0
163 2
164 0
165 0
166 2
167 0
168 0
169 0
170 2
171 0
172 0
173 2
174 0
175 0
176 2
177 0
178 0
179 0
180 2
181 0
182 0
183 2
184 0
185 0
186 0
187 2
188 0
189 0
190 2
191 0
192 0
193 2
194 0
195 0
196 0
197 2
198 0
199 0
200 2
201 0
202 0
203 0
204 2
205 0
206 0
207 2
208 0
209 0
210 2
211 0
212 0
213 0
214 2
215 0
216 0
217 2
218 0
219 0
220 2
221 0
222 0
223 0
224 2
225 0
226 0
227 2
228 0
229 0
230 2
231 0
232 0
233 2
234 0
235 0
236 0
237 2
238 0
239 0
240 2
241 0
242 0
243 2
244 0
245 0
246 0
247 2
248 0
249 0
250 2
251 0
252 0
253 2
254 0
255 0
256 2
257 0
258 0
259 0
260 2
261 0
262 0
263 2
264 0
265 0
266 2
267 0
268 0
269 2
270 0
271 0
272 2
273 0
274 0
275 0
276 2
277 0
278 0
279 2
280 0
281 0
282 2
283 0
284 0
285 2
286 0
287 0
288 2
289 0
290 0
291 0
292 2
293 0
294 0
295 2
296 0
297 0
298 2
299 0
300 0
301 2
302 0
303 0
304 2
305 0
306 0
307 2
308 0
309 0
310 2
311 0
312 0
313 0
314 2
315 0
316 0
317 2
318 0
319 0
320 2
321 0
322 0
323 2
324 0
325 0
326 2
327 0
328 0
329 2
330 0
331 0
332 2
333 0
334 0
335 2
336 0
337 0
338 2
339 0
340 0
341 2
342 0
343 0
344 2
345 0
346 0
347 2
348 0
349 0
350 2
351 0
352 0
353 2
354 0
355 0
356 2
357 0
358 0
359 2
360 0
361 0
362 2
363 0
364 0
365 2
366 0
367 0
368 2
369 0
370 0
371 2
372 0
373 0
374 2
375 0
376 0
377 2
378 0
379 0
380 2
381 0
382 0
383 2
384 0
385 0
386 2
387 0
388 0
389 2
390 0
391 0
392 2
393 0
394 0
395 2
396 0
397 0
398 2
399 0
400 0
401 2
402 0
403 2
404 0
405 0
406 2
407 0
408 0
409 2
410 0
411 0
412 2
413 0
414 0
415 2
416 0
417 0
418 2
419 0
420 0
421 2
422 0
423 0
424 2
425 0
426 2
427 0
428 0
429 2
430 0
431 0
432 2
433 0
434 0
435 2
436 0
437 0
438 2
439 0
440 2
441 0
442 0
443 2
444 0
445 0
446 2
447 0
448 0
449 2
450 0
451 2
452 0
453 0
454 2
455 0
456 0
457 2
458 0
459 0
460 2
461 0
462 2
463 0
464 0
465 2
466 0
467 0
468 2
469 0
470 0
471 2
472 0
473 2
474 0
475 0
476 2
477 0
478 0
479 2
480 0
481 2
482 0
483 0
484 2
485 0
486 0
487 2
488 0
489 2
490 0
491 0
492 2
493 0
494 0
495 2
496 0
497 2
498 0
499 0
500 2
501 0
502 0
503 2
504 0
505 2
506 0
507 0
508 2
509 0
510 2
511 0
512 0
513 2
514 0
515 0
516 2
517 0
518 2
519 0
520 0
521 2
522 0
523 2
524 0
525 0
526 2
527 0
528 2
529 0
530 0
531 2
532 0
533 0
534 2
535 0
536 2
537 0
538 0
539 2
540 0
541 2
542 0
543 0
544 2
545 0
546 2
547 0
548 0
549 2
550 0
551 2
552 0
553 0
554 2
555 0
556 2
557 0
558 0
559 2
560 0
561 2
562 0
563 2
564 0
565 0
566 2
567 0
568 2
569 0
570 0
571 2
572 0
573 2
574 0
575 0
576 2
577 0
578 2
579 0
580 2
581 0
582 0
583 2
584 0
585 2
586 0
587 0
588 2
589 0
590 2
591 0
592 2
593 0
594 0
595 2
596 0
597 2
598 0
599 2
600 0
601 0
602 2
603 0
604 2
605 0
606 2
607 0
608 0
609 2
610 0
611 2
612 0
613 2
614 0
615 2
616 0
617 0
618 2
619 0
620 2
621 0
622 2
623 0
624 2
625 0
626 0
627 2
628 0
629 2
630 0
631 2
632 0
633 2
634 0
635 0
636 2
637 0
638 2
639 0
640 2
641 0
642 2
643 0
644 2
645 0
646 0
647 2
648 0
649 2
650 0
651 2
652 0
653 2
654 0
655 2
656 0
657 2
658 0
659 0
660 2
661 0
662 2
663 0
664 2
665 0
666 2
667 0
668 2
669 0
670 2
671 0
672 2
673 0
674 2
675 0
676 2
677 0
678 2
679 0
680 0
681 2
682 0
683 2
684 0
685 2
686 0
687 2
688 0
689 2
690 0
691 2
692 0
693 2
694 0
695 2
696 0
697 2
698 0
699 2
700 0
701 2
702 0
703 2
704 0
705 2
706 0
707 2
708 0
709 2
710 0
711 2
712 0
713 2
714 0
715 2
716 2
717 0
718 2
719 0
720 2
721 0
722 2
723 0
724 2
725 0
726 2
727 0
728 2
729 0
730 2
731 0
732 2
733 0
734 2
735 2
736 0
737 2
738 0
739 2
740 0
741 2
742 0
743 2
744 0
745 2
746 2
747 0
748 2
749 0
750 2
751 0
752 2
753 0
754 2
755 2
756 0
757 2
758 0
759 2
760 0
761 2
762 2
763 0
764 2
765 0
766 2
767 0
768 2
769 2
770 0
771 2
772 0
773 2
774 2
775 0
776 2
777 0
778 2
779 2
780 0
781 2
782 0
783 2
784 2
785 0
786 2
787 0
788 2
789 2
790 0
791 2
792 0
793 2
794 2
795 0
796 2
797 2
798 0
799 2
800 2
801 0
802 2
803 0
804 2
805 2
806 0
807 2
808 2
809 0
810 2
811 2
812 0
813 2
814 2
815 0
816 2
817 2
818 0
819 2
820 2
821 0
822 2
823 2
824 0
825 2
826 2
827 0
828 2
829 2
830 2
831 0
832 2
833 2
834 0
835 2
836 2
837 2
838 0
839 2
840 2
841 0
842 2
843 2
844 2
845 0
846 2
847 2
848 2
849 0
850 2
851 2
852 2
853 0
854 2
855 2
856 2
857 2
858 0
859 2
860 2
861 2
862 0
863 2
864 2
865 2
866 2
867 2
868 0
869 2
870 2
871 2
872 2
873 2
874 0
875 2
876 2
877 2
878 2
879 2
880 2
881 0
882 2
883 2
884 2
885 2
886 2
887 2
888 2
889 2
890 2
891 2
892 2
893 0
894 2
895 2
896 2
897 2
898 2
899 2
900 2
901 2
902 2
903 2
904 2
905 2
906 2
907 2
908 4
909 2
910 2
911 2
912 2
913 2
914 2
915 2
916 2
917 4
918 2
919 2
920 2
921 2
922 2
923 4
924 2
925 2
926 2
927 4
928 2
929 2
930 4
931 2
932 2
933 4
934 2
935 4
936 2
937 4
938 2
939 4
940 2
941 4
942 2
943 4
944 4
945 2
946 4
947 4
948 4
949 4
950 4
951 4
952 4
953 4
954 4
955 4
956 6
957 4
958 6
959 6
960 4
961 8
962 6
963 8
964 8
965 8
966 12
967 18
968 23
969 0
970 0
971 0
972 0
973 0
974 0
975 0
976 0
977 0
978 0
979 0
980 0
981 0
982 0
983 0
984 0
985 0
986 0
987 0
988 0
989 0
990 0
991 0
992 0
993 0
994 0
995 0
996 0
997 0
998 0
999 0
1000 0
1001 0
1002 0
1003 0
1004 0
1005 0
1006 0
1007 0
1008 0
1009 0
1010 0
1011 0
1012 0
1013 0
1014 0
1015 0
1016 0
1017 0
1018 0
1019 0
1020 0
1021 0
1022 0
1023 0
1024 0
