0 2
1 0
2 0
3 0
4 2
5 0
6 0
7 0
8 2
9 0
10 0
11 2
12 0
13 0
14 0
15 2
16 0
17 0
18 0
19 2
20 0
21 0
22 2
23 0
24 0
25 0
26 2
27 0
28 0
29 2
30 0
31 0
32 0
33 2
34 0
35 0
36 2
37 0
38 0
39 0
40 2
41 0
42 0
43 2
44 0
45 0
46 0
47 2
48 0
49 0
50 2
51 0
52 0
53 2
54 0
55 0
56 0
57 2
58 0
59 0
60 2
61 0
62 0
63 2
64 0
65 0
66 0
67 2
68 0
69 0
70 2
71 0
72 0
73 2
74 0
75 0
76 2
77 0
78 0
79 2
80 0
81 0
82 2
83 0
84 0
85 2
86 0
87 0
88 2
89 0
90 0
91 2
92 0
93 0
94 2
95 0
96 0
97 2
98 0
99 0
100 2
101 0
102 0
103 2
104 0
105 0
106 2
107 0
108 0
109 2
110 0
111 2
112 0
113 0
114 2
115 0
116 0
117 2
118 0
119 0
120 2
121 0
122 2
123 0
124 0
125 2
126 0
127 0
128 2
129 0
130 2
131 0
132 0
133 2
134 0
135 2
136 0
137 0
138 2
139 0
140 2
141 0
142 0
143 2
144 0
145 2
146 0
147 2
148 0
149 0
150 2
151 0
152 2
153 0
154 2
155 0
156 0
157 2
158 0
159 2
160 0
161 2
162 0
163 2
164 0
165 2
166 0
167 0
168 2
169 0
170 2
171 0
172 2
173 0
174 2
175 0
176 2
177 0
178 2
179 0
180 2
181 0
182 2
183 2
184 0
185 2
186 0
187 2
188 0
189 2
190 0
191 2
192 2
193 0
194 2
195 0
196 2
197 2
198 0
199 2
200 0
201 2
202 2
203 0
204 2
205 2
206 0
207 2
208 2
209 2
210 0
211 2
212 2
213 2
214 0
215 2
216 2
217 2
218 2
219 0
220 2
221 2
222 2
223 2
224 2
225 2
226 2
227 2
228 2
229 2
230 4
231 2
232 2
233 4
234 2
235 4
236 2
237 4
238 4
239 4
240 6
241 10
242 11
243 0
244 0
245 0
246 0
247 0
248 0
249 0
250 0
251 0
252 0
253 0
254 0
255 0
256 0
