0 2
1 0
2 0
3 0
4 2
5 0
6 0
7 0
8 2
9 0
10 0
11 2
12 0
13 0
14 0
15 2
16 0
17 0
18 0
19 2
20 0
21 0
22 2
23 0
24 0
25 0
26 2
27 0
28 0
29 0
30 2
31 0
32 0
33 2
34 0
35 0
36 0
37 2
38 0
39 0
40 0
41 2
42 0
43 0
44 2
45 0
46 0
47 0
48 2
49 0
50 0
51 2
52 0
53 0
54 0
55 2
56 0
57 0
58 0
59 2
60 0
61 0
62 2
63 0
64 0
65 0
66 2
67 0
68 0
69 2
70 0
71 0
72 0
73 2
74 0
75 0
76 2
77 0
78 0
79 0
80 2
81 0
82 0
83 2
84 0
85 0
86 2
87 0
88 0
89 0
90 2
91 0
92 0
93 2
94 0
95 0
96 0
97 2
98 0
99 0
100 2
101 0
102 0
103 2
104 0
105 0
106 0
107 2
108 0
109 0
110 2
111 0
112 0
113 2
114 0
115 0
116 0
117 2
118 0
119 0
120 2
121 0
122 0
123 2
124 0
125 0
126 0
127 2
128 0
129 0
130 2
131 0
132 0
133 2
134 0
135 0
136 2
137 0
138 0
139 2
140 0
141 0
142 0
143 2
144 0
145 0
146 2
147 0
148 0
149 2
150 0
151 0
152 2
153 0
154 0
155 2
156 0
157 0
158 2
159 0
160 0
161 2
162 0
163 0
164 2
165 0
166 0
167 0
168 2
169 0
170 0
171 2
172 0
173 0
174 2
175 0
176 0
177 2
178 0
179 0
180 2
181 0
182 0
183 2
184 0
185 0
186 2
187 0
188 0
189 2
190 0
191 0
192 2
193 0
194 2
195 0
196 0
197 2
198 0
199 0
200 2
201 0
202 0
203 2
204 0
205 0
206 2
207 0
208 0
209 2
210 0
211 0
212 2
213 0
214 0
215 2
216 0
217 2
218 0
219 0
220 2
221 0
222 0
223 2
224 0
225 0
226 2
227 0
228 2
229 0
230 0
231 2
232 0
233 0
234 2
235 0
236 0
237 2
238 0
239 2
240 0
241 0
242 2
243 0
244 0
245 2
246 0
247 2
248 0
249 0
250 2
251 0
252 0
253 2
254 0
255 2
256 0
257 0
258 2
259 0
260 2
261 0
262 0
263 2
264 0
265 0
266 2
267 0
268 2
269 0
270 0
271 2
272 0
273 2
274 0
275 0
276 2
277 0
278 2
279 0
280 2
281 0
282 0
283 2
284 0
285 2
286 0
287 0
288 2
289 0
290 2
291 0
292 0
293 2
294 0
295 2
296 0
297 2
298 0
299 0
300 2
301 0
302 2
303 0
304 2
305 0
306 0
307 2
308 0
309 2
310 0
311 2
312 0
313 2
314 0
315 0
316 2
317 0
318 2
319 0
320 2
321 0
322 2
323 0
324 2
325 0
326 0
327 2
328 0
329 2
330 0
331 2
332 0
333 2
334 0
335 2
336 0
337 2
338 0
339 2
340 0
341 2
342 0
343 2
344 0
345 2
346 0
347 2
348 0
349 2
350 0
351 2
352 0
353 2
354 0
355 2
356 0
357 2
358 0
359 2
360 0
361 2
362 0
363 2
364 0
365 2
366 0
367 2
368 0
369 2
370 2
371 0
372 2
373 0
374 2
375 0
376 2
377 0
378 2
379 2
380 0
381 2
382 0
383 2
384 0
385 2
386 2
387 0
388 2
389 0
390 2
391 2
392 0
393 2
394 0
395 2
396 2
397 0
398 2
399 2
400 0
401 2
402 0
403 2
404 2
405 0
406 2
407 2
408 0
409 2
410 2
411 0
412 2
413 2
414 0
415 2
416 2
417 2
418 0
419 2
420 2
421 2
422 0
423 2
424 2
425 0
426 2
427 2
428 2
429 2
430 0
431 2
432 2
433 2
434 2
435 0
436 2
437 2
438 2
439 2
440 2
441 2
442 2
443 0
444 2
445 2
446 2
447 2
448 2
449 2
450 2
451 2
452 2
453 2
454 2
455 2
456 2
457 4
458 2
459 2
460 2
461 2
462 4
463 2
464 2
465 2
466 4
467 2
468 4
469 2
470 4
471 2
472 4
473 4
474 4
475 4
476 4
477 4
478 4
479 6
480 6
481 6
482 8
483 12
484 17
485 0
486 0
487 0
488 0
489 0
490 0
491 0
492 0
493 0
494 0
495 0
496 0
497 0
498 0
499 0
500 0
501 0
502 0
503 0
504 0
505 0
506 0
507 0
508 0
509 0
510 0
511 0
512 0
