0 2
1 0
2 0
3 0
4 2
5 0
6 0
7 2
8 0
9 0
10 0
11 2
12 0
13 0
14 0
15 2
16 0
17 0
18 2
19 0
20 0
21 0
22 2
23 0
24 0
25 2
26 0
27 0
28 2
29 0
30 0
31 0
32 2
33 0
34 0
35 2
36 0
37 0
38 2
39 0
40 0
41 2
42 0
43 0
44 2
45 0
46 0
47 2
48 0
49 0
50 2
51 0
52 0
53 2
54 0
55 0
56 2
57 0
58 2
59 0
60 0
61 2
62 0
63 0
64 2
65 0
66 2
67 0
68 0
69 2
70 0
71 2
72 0
73 0
74 2
75 0
76 2
77 0
78 2
79 0
80 0
81 2
82 0
83 2
84 0
85 2
86 0
87 2
88 0
89 2
90 0
91 2
92 0
93 2
94 2
95 0
96 2
97 0
98 2
99 2
100 0
101 2
102 0
103 2
104 2
105 2
106 0
107 2
108 2
109 2
110 2
111 2
112 2
113 2
114 2
115 2
116 2
117 4
118 2
119 4
120 6
121 9
122 0
123 0
124 0
125 0
126 0
127 0
128 0
